Caller	Callee
org.apache.commons.beanutils2.LazyDynaMapTestCase.testIndexedPropertyRestricted()	org.apache.commons.beanutils2.LazyDynaMap.getDynaProperty(String)
org.apache.commons.beanutils2.DefaultIntrospectionContextTestCase.testHasPropertyFalse()	org.apache.commons.beanutils2.DefaultIntrospectionContext.hasProperty(String)
org.apache.commons.beanutils2.PropertyUtilsTestCase.testGetNestedString()	org.apache.commons.beanutils2.TestBean.getStringProperty()
org.apache.commons.beanutils2.LazyDynaBean.set(String,String,Object)	org.apache.commons.beanutils2.LazyDynaBean.set(String,Object)
org.apache.commons.beanutils2.BeanUtilsBean.cloneBean(Object)	org.apache.commons.beanutils2.PropertyUtilsBean.copyProperties(Object,Object)
org.apache.commons.beanutils2.PropertyUtilsTestCase.testSetMappedPeriods()	org.apache.commons.beanutils2.TestBean.getNested()
org.apache.commons.beanutils2.PropertyUtilsBean.setNestedProperty(Object,String,Object)	org.apache.commons.beanutils2.PropertyUtilsBean.setMappedProperty(Object,String,Object)
org.apache.commons.beanutils2.bugs.Jira456TestCase.testWriteMethodRecover()	org.apache.commons.beanutils2.FluentIntrospectionTestBean.getFluentGetProperty()
org.apache.commons.beanutils2.DynaPropertyUtilsTestCase.testGetNestedString()	org.apache.commons.beanutils2.DynaBean.get(String)
org.apache.commons.beanutils2.converters.AbstractConverter.handleMissing(Class<T>)	org.apache.commons.beanutils2.converters.AbstractConverter.toString(Class<?>)
org.apache.commons.beanutils2.converters.CharacterConverterTestCase.testConvertToCharacterNullNoDefault()	org.apache.commons.beanutils2.Converter.convert(Class<T>,Object)
org.apache.commons.beanutils2.LazyDynaClassTestCase.testRemoveProperty()	org.apache.commons.beanutils2.LazyDynaClass.remove(String)
org.apache.commons.beanutils2.locale.LocaleConvertUtilsBean.convert(String[],Class<?>)	org.apache.commons.beanutils2.locale.LocaleConvertUtilsBean.getDefaultLocale()
org.apache.commons.beanutils2.PropertyUtilsTestCase.testSetNoGetter()	org.apache.commons.beanutils2.BetaBean.getSecret()
org.apache.commons.beanutils2.LazyDynaListTestCase.testSerializationLazyDynaBean()	org.apache.commons.beanutils2.LazyDynaList.get(int)
org.apache.commons.beanutils2.BeanMap.entryIterator()	org.apache.commons.beanutils2.BeanMap.keyIterator()
org.apache.commons.beanutils2.locale.converters.DateLocaleConverterTestCase.setUp()	org.apache.commons.beanutils2.locale.converters.BaseLocaleConverterTestCase.setUp()
org.apache.commons.beanutils2.LazyDynaListTestCase.mapTest(LazyDynaList,Class<?>,Object)	org.apache.commons.beanutils2.LazyDynaList.add(int,Object)
org.apache.commons.beanutils2.BeanUtilsTestCase.testSetPropertyNullValues()	org.apache.commons.beanutils2.PropertyUtils.getSimpleProperty(Object,String)
org.apache.commons.beanutils2.PropertyUtilsTestCase.testSetNestedDouble()	org.apache.commons.beanutils2.PropertyUtils.setNestedProperty(Object,String,Object)
org.apache.commons.beanutils2.PropertyUtilsTestCase.testGetIndexedArray()	org.apache.commons.beanutils2.PropertyUtils.getProperty(Object,String)
org.apache.commons.beanutils2.locale.LocaleConvertUtils.convert(String[],Class<?>,String)	org.apache.commons.beanutils2.locale.LocaleConvertUtilsBean.convert(String[],Class<?>,String)
org.apache.commons.beanutils2.converters.LocalTimeConverter.convertToType(Class<T>,Object)	org.apache.commons.beanutils2.converters.AbstractConverter.conversionException(Class<?>,Object)
org.apache.commons.beanutils2.BeanToPropertyValueTransformerTestCase.testTransformWithSimpleStringPropertyAndNullValue()	org.apache.commons.beanutils2.BeanToPropertyValueTransformer.apply(T)
org.apache.commons.beanutils2.locale.LocaleBeanificationTestCase.testBeanUtilsBeanSetInstance()	org.apache.commons.beanutils2.locale.LocaleBeanificationTestCase.Signal.getBean()
org.apache.commons.beanutils2.BeanUtilsTestCase.testCopyPropertyConvertFromString()	org.apache.commons.beanutils2.BeanUtils.copyProperty(Object,String,Object)
org.apache.commons.beanutils2.BeanPropertyValueChangeConsumerTestCase.testExecuteWithSimpleStringProperty()	org.apache.commons.beanutils2.TestBean.getStringProperty()
org.apache.commons.beanutils2.PropertyUtilsBean.getPropertyType(Object,String)	org.apache.commons.beanutils2.PropertyUtilsBean.getPropertyDescriptor(Object,String)
org.apache.commons.beanutils2.converters.NumberConverterTestBase.testBooleanToNumberDefault()	org.apache.commons.beanutils2.converters.NumberConverterTestBase.makeConverter()
org.apache.commons.beanutils2.PropertyUtilsBean.getPropertyDescriptor(Object,String)	org.apache.commons.beanutils2.BeanIntrospectionData.getDescriptor(String)
org.apache.commons.beanutils2.LazyDynaMap.newInstance()	org.apache.commons.beanutils2.LazyDynaMap.getDynaProperties()
org.apache.commons.beanutils2.BeanUtilsTestCase.testCopyPropertyConvertToString()	org.apache.commons.beanutils2.TestBean.getStringProperty()
org.apache.commons.beanutils2.DynaResultSetTestCase.testIteratorResultsNormalCase()	org.apache.commons.beanutils2.DynaBean.get(String)
org.apache.commons.beanutils2.converters.FloatConverterTestCase.testSimpleConversion()	org.apache.commons.beanutils2.Converter.convert(Class<T>,Object)
org.apache.commons.beanutils2.converters.NumberConverter.convertToString(Object)	org.apache.commons.beanutils2.converters.AbstractConverter.log()
org.apache.commons.beanutils2.PropertyUtilsTestCase.testGetNestedLong()	org.apache.commons.beanutils2.TestBean.getNested()
org.apache.commons.beanutils2.BeanUtilsBean.getIndexedProperty(Object,String)	org.apache.commons.beanutils2.BeanUtilsBean.getPropertyUtils()
org.apache.commons.beanutils2.MethodUtilsTestCase.testInvokeExactStaticMethodNull()	org.apache.commons.beanutils2.TestBean.currentCounter()
org.apache.commons.beanutils2.PropertyUtilsTestCase.testCustomIntrospection()	org.apache.commons.beanutils2.IntrospectionContext.getPropertyDescriptor(String)
org.apache.commons.beanutils2.converters.NumberConverter.toString()	org.apache.commons.beanutils2.converters.AbstractConverter.isUseDefault()
org.apache.commons.beanutils2.locale.converters.BaseLocaleConverterTestCase.convertValueWithPattern(BaseLocaleConverter,Object,String,Object)	org.apache.commons.beanutils2.locale.converters.BaseLocaleConverterTestCase.convertValueWithPattern(BaseLocaleConverter,String,Object,String,Object)
org.apache.commons.beanutils2.BeanUtilsBean.setProperty(Object,String,Object)	org.apache.commons.beanutils2.expression.Resolver.getProperty(String)
org.apache.commons.beanutils2.ConvertUtilsTestCase.testPositiveIntegerArray()	org.apache.commons.beanutils2.ConvertUtilsTestCase.checkIntegerArray(Object,int[])
org.apache.commons.beanutils2.BeanToPropertyValueTransformerTestCase.testTransformWithSimpleLongProperty()	org.apache.commons.beanutils2.BeanToPropertyValueTransformer.apply(T)
org.apache.commons.beanutils2.ConvertUtilsTestCase.testNegativeIntegerArray()	org.apache.commons.beanutils2.ConvertUtils.convert(String,Class<?>)
org.apache.commons.beanutils2.converters.DateConverterTestBase.testPatternNoDefault()	org.apache.commons.beanutils2.converters.DateTimeConverter.setPattern(String)
org.apache.commons.beanutils2.converters.DateConverterTestBase.testPatternDefault()	org.apache.commons.beanutils2.converters.DateTimeConverter.setPattern(String)
org.apache.commons.beanutils2.LazyDynaList.setElementType(Class<?>)	org.apache.commons.beanutils2.WrapDynaBean.getInstance()
org.apache.commons.beanutils2.BeanUtilsTestCase.testCopyPropertiesStandard()	org.apache.commons.beanutils2.TestBean.setStringProperty(String)
org.apache.commons.beanutils2.bugs.Jira61TestCase.testIssue_BEANUTILS_61_PropertyUtils_setProperty_Indexed()	org.apache.commons.beanutils2.PropertyUtils.setProperty(Object,String,Object)
org.apache.commons.beanutils2.DynaRowSetTestCase.testGetDynaProperties()	org.apache.commons.beanutils2.DynaProperty.getName()
org.apache.commons.beanutils2.BeanUtilsTestCase.setUpShared()	org.apache.commons.beanutils2.converters.DateTimeConverter.setLocale(Locale)
org.apache.commons.beanutils2.PropertyUtilsTestCase.testGetSimpleNested()	org.apache.commons.beanutils2.PropertyUtils.getSimpleProperty(Object,String)
org.apache.commons.beanutils2.PropertyUtilsTestCase.testSetNestedFloat()	org.apache.commons.beanutils2.PropertyUtils.setNestedProperty(Object,String,Object)
org.apache.commons.beanutils2.WeakFastHashMap.CollectionView.retainAll(Collection<?>)	org.apache.commons.beanutils2.WeakFastHashMap.CollectionView.get(Map<K, V>)
org.apache.commons.beanutils2.BeanUtilsTestCase.testPopulateNested()	org.apache.commons.beanutils2.TestBean.getDoubleProperty()
org.apache.commons.beanutils2.TestResultSet.invoke(Object,Method,Object[])	org.apache.commons.beanutils2.TestResultSet.updateObject(String,Object)
org.apache.commons.beanutils2.converters.CharacterConverterTestCase.testConvertToUnsupportedType()	org.apache.commons.beanutils2.Converter.convert(Class<T>,Object)
org.apache.commons.beanutils2.PropertyUtils.getPropertyDescriptor(Object,String)	org.apache.commons.beanutils2.PropertyUtilsBean.getInstance()
org.apache.commons.beanutils2.IndexedPropertyTestCase.testGetArrayAsString()	org.apache.commons.beanutils2.BeanUtilsBean.getProperty(Object,String)
org.apache.commons.beanutils2.BeanUtilsTestCase.testGetSimplePropertyDate()	org.apache.commons.beanutils2.TestBean.setDateProperty(Date)
org.apache.commons.beanutils2.converters.AbstractConverter.handleMissing(Class<T>)	org.apache.commons.beanutils2.converters.AbstractConverter.log()
org.apache.commons.beanutils2.MappedPropertyTestCase.testPrimitiveArgsProperty()	org.apache.commons.beanutils2.MappedPropertyDescriptor.getMappedWriteMethod()
org.apache.commons.beanutils2.LazyDynaListTestCase.testSerializationLazyDynaBean()	org.apache.commons.beanutils2.LazyDynaListTestCase.serializeDeserialize(Object,String)
org.apache.commons.beanutils2.LazyDynaBeanTestCase.testIndexedPropertyUtils()	org.apache.commons.beanutils2.LazyDynaClass.isDynaProperty(String)
org.apache.commons.beanutils2.BeanUtils.getProperty(Object,String)	org.apache.commons.beanutils2.BeanUtilsBean.getInstance()
org.apache.commons.beanutils2.locale.LocaleConvertUtils.convert(String,Class<?>)	org.apache.commons.beanutils2.locale.LocaleConvertUtilsBean.getInstance()
org.apache.commons.beanutils2.converters.ArrayConverter.convertToType(Class<T>,Object)	org.apache.commons.beanutils2.converters.ArrayConverter.convertToCollection(Class<?>,Object)
org.apache.commons.beanutils2.PropertyUtilsBean.getMappedProperty(Object,String,String)	org.apache.commons.beanutils2.PropertyUtilsBean.invokeMethod(Method,Object,Object[])
org.apache.commons.beanutils2.converters.NumberConverterTestBase.testDateToNumber()	org.apache.commons.beanutils2.converters.AbstractConverter.convert(Class<T>,Object)
org.apache.commons.beanutils2.bugs.Jira456TestCase.testWriteMethodRecover()	org.apache.commons.beanutils2.bugs.Jira456TestCase.clearWriteMethodRef()
org.apache.commons.beanutils2.BasicDynaBeanTestCase.testSetSimpleFloat()	org.apache.commons.beanutils2.DynaBean.set(String,Object)
org.apache.commons.beanutils2.converters.AbstractConverter.convert(Class<T>,Object)	org.apache.commons.beanutils2.converters.AbstractConverter.convertArray(Object)
org.apache.commons.beanutils2.MethodUtilsTestCase.testGetAccessibleMethodFromInterface()	org.apache.commons.beanutils2.MethodUtilsTestCase.assertMethod(Method,String)
org.apache.commons.beanutils2.DynaBeanUtilsTestCase.testCopyPropertyNull()	org.apache.commons.beanutils2.BeanUtils.copyProperty(Object,String,Object)
org.apache.commons.beanutils2.LazyDynaBeanTestCase.testIndexedPropertyRestricted()	org.apache.commons.beanutils2.LazyDynaBean.set(String,int,Object)
org.apache.commons.beanutils2.PropertyUtilsBean.getMappedProperty(Object,String)	org.apache.commons.beanutils2.expression.Resolver.getProperty(String)
org.apache.commons.beanutils2.PropertyUtilsTestCase.testGetReadMethodPublicInterface()	org.apache.commons.beanutils2.PropertyUtils.getPropertyDescriptors(Object)
org.apache.commons.beanutils2.LazyDynaMapTestCase.testMappedPropertyTreeMap()	org.apache.commons.beanutils2.LazyDynaBean.set(String,String,Object)
org.apache.commons.beanutils2.locale.LocaleConvertUtils.convert(String,Class<?>,Locale,String)	org.apache.commons.beanutils2.locale.LocaleConvertUtilsBean.getInstance()
org.apache.commons.beanutils2.converters.DateConverterTestBase.testDefaultStringToTypeConvert()	org.apache.commons.beanutils2.converters.DateConverterTestBase.getExpectedType()
org.apache.commons.beanutils2.LazyDynaMapTestCase.testMappedPropertyTreeMap()	org.apache.commons.beanutils2.DynaProperty.getType()
org.apache.commons.beanutils2.TestResultSetMetaData.invoke(Object,Method,Object[])	org.apache.commons.beanutils2.TestResultSetMetaData.getColumnName(int)
org.apache.commons.beanutils2.converters.ArrayConverterTestCase.testTheMatrix()	org.apache.commons.beanutils2.converters.ArrayConverter.setAllowedChars(char[])
org.apache.commons.beanutils2.PropertyUtilsTestCase.testRemoveBeanIntrospector()	org.apache.commons.beanutils2.PropertyUtils.getPropertyDescriptors(Class<?>)
org.apache.commons.beanutils2.BeanificationTestCase.CCLLTesterThread.run()	org.apache.commons.beanutils2.ContextClassLoaderLocal.get()
org.apache.commons.beanutils2.MethodUtils.invokeMethod(Object,String,Object)	org.apache.commons.beanutils2.MethodUtils.invokeMethod(Object,String,Object[])
org.apache.commons.beanutils2.converters.NumberConverterTestBase.testNumberToStringLocale()	org.apache.commons.beanutils2.converters.NumberConverterTestBase.makeConverter()
org.apache.commons.beanutils2.RowSetDynaClass.copy(ResultSet)	org.apache.commons.beanutils2.RowSetDynaClass.createDynaBean()
org.apache.commons.beanutils2.LazyDynaBeanTestCase.testIndexedDynaBeanArray()	org.apache.commons.beanutils2.LazyDynaBean.get(String)
org.apache.commons.beanutils2.locale.LocaleBeanificationTestCase.testContextClassloaderIndependence()	org.apache.commons.beanutils2.ConvertUtils.primitiveToWrapper(Class<T>)
org.apache.commons.beanutils2.MethodUtilsTestCase.testSimpleStatic2()	org.apache.commons.beanutils2.MethodUtils.invokeExactMethod(Object,String,Object[],Class<?>)
org.apache.commons.beanutils2.LazyDynaClassTestCase.testAddPropertyRestricted1()	org.apache.commons.beanutils2.LazyDynaClass.setRestricted(boolean)
org.apache.commons.beanutils2.MappedPropertyTestCase.testBooleanMapped()	org.apache.commons.beanutils2.MappedPropertyDescriptor.getMappedReadMethod()
org.apache.commons.beanutils2.BeanUtilsBean.getMappedProperty(Object,String)	org.apache.commons.beanutils2.BeanUtilsBean.getConvertUtils()
org.apache.commons.beanutils2.locale.LocaleBeanUtils.getApplyLocalized()	org.apache.commons.beanutils2.locale.LocaleBeanUtilsBean.getLocaleBeanUtilsInstance()
org.apache.commons.beanutils2.converters.EnumConverterTestCase.testUnsupportedType()	org.apache.commons.beanutils2.Converter.convert(Class<T>,Object)
org.apache.commons.beanutils2.BeanUtilsTestCase.testGetSimplePropertyDate()	org.apache.commons.beanutils2.BeanUtils.getSimpleProperty(Object,String)
org.apache.commons.beanutils2.bugs.Jira520TestCase.testAllowAccessToClassProperty()	org.apache.commons.beanutils2.BeanUtilsBean.getProperty(Object,String)
org.apache.commons.beanutils2.DynaPropertyUtilsTestCase.testSetNestedShort()	org.apache.commons.beanutils2.PropertyUtils.setNestedProperty(Object,String,Object)
org.apache.commons.beanutils2.converters.DateConverterTestBase.testDefaultType()	org.apache.commons.beanutils2.converters.DateConverterTestBase.toCalendar(String,String,Locale)
org.apache.commons.beanutils2.PropertyUtils.removeBeanIntrospector(BeanIntrospector)	org.apache.commons.beanutils2.PropertyUtilsBean.removeBeanIntrospector(BeanIntrospector)
org.apache.commons.beanutils2.BeanUtilsBenchCase.setUp()	org.apache.commons.beanutils2.BenchBean.getBooleanProperty()
org.apache.commons.beanutils2.BeanUtilsTestCase.testCopyPropertyNestedIndexedArray()	org.apache.commons.beanutils2.BeanUtilsTestCase.checkIntArray(int[],int[])
org.apache.commons.beanutils2.bugs.Jira358TestCase.testPropertyUtils_getIndexedProperty_Array()	org.apache.commons.beanutils2.TestBean.getIntArray()
org.apache.commons.beanutils2.BeanificationTestCase.testGetByContextClassLoader()	org.apache.commons.beanutils2.BeanificationTestCase.Signal.setSignal(int)
org.apache.commons.beanutils2.LazyDynaMapTestCase.testMappedPropertyRestricted()	org.apache.commons.beanutils2.LazyDynaMap.isRestricted()
org.apache.commons.beanutils2.DefaultIntrospectionContextTestCase.testGetPropertyDescriptorUnknown()	org.apache.commons.beanutils2.DefaultIntrospectionContextTestCase.createDescriptor(String)
org.apache.commons.beanutils2.converters.NumberConverterTestBase.testInvalidDefault()	org.apache.commons.beanutils2.converters.NumberConverterTestBase.getExpectedType()
org.apache.commons.beanutils2.PropertyUtilsBean.getNestedProperty(Object,String)	org.apache.commons.beanutils2.PropertyUtilsBean.getSimpleProperty(Object,String)
org.apache.commons.beanutils2.DefaultIntrospectionContextTestCase.testAddPropertyDescriptors()	org.apache.commons.beanutils2.DefaultIntrospectionContext.addPropertyDescriptors(PropertyDescriptor[])
org.apache.commons.beanutils2.LazyDynaBean.get(String,String)	org.apache.commons.beanutils2.LazyDynaBean.defaultMappedProperty(String)
org.apache.commons.beanutils2.converters.NumberConverterTestBase.testOtherToStringDefault()	org.apache.commons.beanutils2.converters.NumberConverterTestBase.makeConverter()
org.apache.commons.beanutils2.BasicDynaBean.getDynaProperty(String)	org.apache.commons.beanutils2.DynaClass.getDynaProperty(String)
org.apache.commons.beanutils2.converters.AbstractConverter.convert(Class<T>,Object)	org.apache.commons.beanutils2.converters.AbstractConverter.convertToString(Object)
org.apache.commons.beanutils2.DynaBeanUtilsTestCase.testCopyPropertyFloat()	org.apache.commons.beanutils2.BeanUtils.setProperty(Object,String,Object)
org.apache.commons.beanutils2.PropertyUtils.setMappedProperty(Object,String,String,Object)	org.apache.commons.beanutils2.PropertyUtilsBean.getInstance()
org.apache.commons.beanutils2.BeanUtilsTestCase.testPopulateScalar()	org.apache.commons.beanutils2.TestBean.getFloatProperty()
org.apache.commons.beanutils2.converters.NumberConverterTestBase.testConvertNumber()	org.apache.commons.beanutils2.converters.AbstractConverter.convert(Class<T>,Object)
org.apache.commons.beanutils2.PropertyUtilsBean.getNestedProperty(Object,String)	org.apache.commons.beanutils2.expression.Resolver.isMapped(String)
org.apache.commons.beanutils2.DynaBeanUtilsTestCase.testCopyPropertyNestedIndexedArray()	org.apache.commons.beanutils2.DynaBean.get(String)
org.apache.commons.beanutils2.BasicDynaBeanTestCase.testMappedRemove()	org.apache.commons.beanutils2.DynaBean.remove(String,String)
org.apache.commons.beanutils2.LazyDynaClassTestCase.testRemovePropertyRestricted()	org.apache.commons.beanutils2.LazyDynaClass.add(String)
org.apache.commons.beanutils2.PropertyUtilsTestCase.testSetPublicSubBean_of_PackageBean()	org.apache.commons.beanutils2.priv.PublicSubBean.getFoo()
org.apache.commons.beanutils2.DefaultIntrospectionContextTestCase.testHasPropertyFalse()	org.apache.commons.beanutils2.DefaultIntrospectionContextTestCase.createDescriptor(String)
org.apache.commons.beanutils2.BasicDynaBeanTestCase.testSetSimpleLong()	org.apache.commons.beanutils2.DynaBean.get(String)
org.apache.commons.beanutils2.BeanToPropertyValueTransformerTestCase.testTransformWithInvalidProperty()	org.apache.commons.beanutils2.BeanToPropertyValueTransformer.apply(T)
org.apache.commons.beanutils2.PropertyUtils.setIndexedProperty(Object,String,Object)	org.apache.commons.beanutils2.PropertyUtilsBean.getInstance()
org.apache.commons.beanutils2.BeanIntrospectionDataTestCase.testGetWriteMethodDefined()	org.apache.commons.beanutils2.BeanIntrospectionDataTestCase.fetchTestDescriptor(BeanIntrospectionData)
org.apache.commons.beanutils2.locale.LocaleConvertUtilsBean.lookup(Class<?>,Locale)	org.apache.commons.beanutils2.locale.LocaleConvertUtilsBean.lookup(Locale)
org.apache.commons.beanutils2.converters.CharacterConverter.convertToType(Class<T>,Object)	org.apache.commons.beanutils2.converters.AbstractConverter.conversionException(Class<?>,Object)
org.apache.commons.beanutils2.PropertyUtils.copyProperties(Object,Object)	org.apache.commons.beanutils2.PropertyUtilsBean.copyProperties(Object,Object)
org.apache.commons.beanutils2.BeanPropertyValueChangeConsumerTestCase.testExecuteWithNestedProperty()	org.apache.commons.beanutils2.TestBean.getNested()
org.apache.commons.beanutils2.converters.UUIDConverterTestCase.testUnsupportedType()	org.apache.commons.beanutils2.Converter.convert(Class<T>,Object)
org.apache.commons.beanutils2.locale.LocaleConvertUtilsTestCase.testConvertStringArrayLocaleNull()	org.apache.commons.beanutils2.locale.LocaleConvertUtils.convert(String[],Class<?>,Locale,String)
org.apache.commons.beanutils2.BeanPropertyValueChangeConsumerTestCase.testExecuteWithSimpleIntPropertyAndDoubleValue()	org.apache.commons.beanutils2.BeanPropertyValueChangeConsumer.accept(Object)
org.apache.commons.beanutils2.BaseDynaBeanMapDecorator.put(K,Object)	org.apache.commons.beanutils2.DynaBean.set(String,Object)
org.apache.commons.beanutils2.BeanIntrospectionDataTestCase.testGetWriteMethodUnknown()	org.apache.commons.beanutils2.BeanIntrospectionDataTestCase.setUpData()
org.apache.commons.beanutils2.bugs.Jira345TestCase.main(String[])	org.apache.commons.beanutils2.bugs.Jira345TestCase.suite()
org.apache.commons.beanutils2.MethodUtilsTestCase.testSetCacheMethods()	org.apache.commons.beanutils2.MethodUtils.invokeMethod(Object,String,Object)
org.apache.commons.beanutils2.DynaBeanUtilsTestCase.testCopyPropertiesStandard()	org.apache.commons.beanutils2.TestBean.setIntProperty(int)
org.apache.commons.beanutils2.BeanUtilsTestCase.testCopyPropertiesMap()	org.apache.commons.beanutils2.TestBean.getFloatProperty()
org.apache.commons.beanutils2.WrapDynaBean.getDynaProperty(String)	org.apache.commons.beanutils2.DynaClass.getDynaProperty(String)
org.apache.commons.beanutils2.bugs.Jira61TestCase.testIssue_BEANUTILS_61_PropertyUtils_setProperty_Mapped()	org.apache.commons.beanutils2.bugs.other.Jira61BeanFactory.TestBean.getMappedReadOnly(String)
org.apache.commons.beanutils2.ConstructorUtilsTestCase.testInvokeConstructorWithArgArray()	org.apache.commons.beanutils2.ConstructorUtils.invokeConstructor(Class<T>,Object[])
org.apache.commons.beanutils2.IndexedPropertyTestCase.testSetArray()	org.apache.commons.beanutils2.IndexedTestBean.getStringArray()
org.apache.commons.beanutils2.PropertyUtilsBean.copyProperties(Object,Object)	org.apache.commons.beanutils2.DynaBean.set(String,Object)
org.apache.commons.beanutils2.LazyDynaBeanTestCase.testIndexedLinkedList()	org.apache.commons.beanutils2.DynaProperty.isIndexed()
org.apache.commons.beanutils2.MethodUtils.invokeMethod(Object,String,Object[],Class<?>)	org.apache.commons.beanutils2.MethodUtils.getMatchingAccessibleMethod(Class<?>,String,Class<?>)
org.apache.commons.beanutils2.BeanMap.iterator()	org.apache.commons.beanutils2.BeanMap.entryIterator()
org.apache.commons.beanutils2.DynaBeanUtilsTestCase.testCopyPropertiesStandard()	org.apache.commons.beanutils2.BeanUtils.copyProperties(Object,Object)
org.apache.commons.beanutils2.BeanMapTestCase.makeFullMap()	org.apache.commons.beanutils2.BeanMapTestCase.BeanWithProperties.setSomeIntegerValue(Integer)
org.apache.commons.beanutils2.MethodUtilsTestCase.testInvokeMethodPrimitiveDouble()	org.apache.commons.beanutils2.MethodUtils.invokeMethod(Object,String,Object)
org.apache.commons.beanutils2.PropertyUtilsBean.getWriteMethod(PropertyDescriptor)	org.apache.commons.beanutils2.MethodUtils.getAccessibleMethod(Method)
org.apache.commons.beanutils2.bugs.Jira298TestCase.main(String[])	org.apache.commons.beanutils2.bugs.Jira298TestCase.suite()
org.apache.commons.beanutils2.LazyDynaBean.set(String,String,Object)	org.apache.commons.beanutils2.LazyDynaBean.isDynaProperty(String)
org.apache.commons.beanutils2.DynaPropertyUtilsTestCase.testGetNestedBoolean()	org.apache.commons.beanutils2.PropertyUtils.getNestedProperty(Object,String)
org.apache.commons.beanutils2.PropertyUtilsBean.getIndexedProperty(Object,String,int)	org.apache.commons.beanutils2.DynaBean.get(String,int)
org.apache.commons.beanutils2.LazyDynaList.toArray()	org.apache.commons.beanutils2.LazyDynaList.get(int)
org.apache.commons.beanutils2.bugs.Jira492TestCase.getPropertyUnconverted()	org.apache.commons.beanutils2.PropertyUtilsBean.getProperty(Object,String)
org.apache.commons.beanutils2.BeanPropertyValueEqualsPredicateTestCase.testEvaluateWithSimpleStringPropertyWithNullValues()	org.apache.commons.beanutils2.BeanPropertyValueEqualsPredicate.test(T)
org.apache.commons.beanutils2.LazyDynaMapTestCase.testIndexedLinkedList()	org.apache.commons.beanutils2.DynaProperty.getType()
org.apache.commons.beanutils2.WeakFastHashMap.clone()	org.apache.commons.beanutils2.WeakFastHashMap.getFast()
org.apache.commons.beanutils2.ConvertUtilsBean.registerArrayConverter(Class<?>,Converter,boolean,int)	org.apache.commons.beanutils2.ConvertUtilsBean.register(Class<?>,Converter)
org.apache.commons.beanutils2.converters.AbstractConverter.toLowerCase(Object)	org.apache.commons.beanutils2.converters.AbstractConverter.toString(Object)
org.apache.commons.beanutils2.WrapDynaBeanTestCase.testInitWithDynaClass()	org.apache.commons.beanutils2.DynaBean.getDynaClass()
org.apache.commons.beanutils2.expression.DefaultResolver.remove(String)	org.apache.commons.beanutils2.expression.DefaultResolver.next(String)
org.apache.commons.beanutils2.bugs.Jira454TestCase.testCopyProperties()	org.apache.commons.beanutils2.BeanUtils.copyProperties(Object,Object)
org.apache.commons.beanutils2.converters.URIConverter.convertToType(Class<T>,Object)	org.apache.commons.beanutils2.converters.AbstractConverter.conversionException(Class<?>,Object)
org.apache.commons.beanutils2.converters.DateConverterTestBase.testDefaultStringToTypeConvert()	org.apache.commons.beanutils2.converters.AbstractConverter.convert(Class<T>,Object)
org.apache.commons.beanutils2.memoryleaktests.MemoryLeakTestCase.clearAllBeanUtilsCaches()	org.apache.commons.beanutils2.WrapDynaClass.clear()
org.apache.commons.beanutils2.bugs.Jira492TestCase.getPropertyDescriptor()	org.apache.commons.beanutils2.PropertyUtilsBean.getPropertyDescriptor(Object,String)
org.apache.commons.beanutils2.locale.BaseLocaleConverter.convert(Class<T>,Object,String)	org.apache.commons.beanutils2.ConvertUtils.primitiveToWrapper(Class<T>)
org.apache.commons.beanutils2.BeanUtilsBean.setProperty(Object,String,Object)	org.apache.commons.beanutils2.expression.Resolver.getKey(String)
org.apache.commons.beanutils2.bugs.Jira61TestCase.testIssue_BEANUTILS_61_PropertyUtils_setProperty()	org.apache.commons.beanutils2.PropertyUtils.setProperty(Object,String,Object)
org.apache.commons.beanutils2.BeanUtilsTestCase.testPopulateNested()	org.apache.commons.beanutils2.TestBean.isBooleanSecond()
org.apache.commons.beanutils2.BeanUtils2TestCase.testSetPropertyConvertToString()	org.apache.commons.beanutils2.BeanUtils.setProperty(Object,String,Object)
org.apache.commons.beanutils2.BeanUtilsBean2.convert(Object,Class<?>)	org.apache.commons.beanutils2.BeanUtilsBean.getConvertUtils()
org.apache.commons.beanutils2.BeanMap.get(Object)	org.apache.commons.beanutils2.BeanMap.logWarn(Exception)
org.apache.commons.beanutils2.BeanUtilsTestCase.testCopyPropertyFloat()	org.apache.commons.beanutils2.TestBean.getFloatProperty()
org.apache.commons.beanutils2.PropertyUtils.getPropertyEditorClass(Object,String)	org.apache.commons.beanutils2.PropertyUtilsBean.getInstance()
org.apache.commons.beanutils2.PropertyUtilsBean.getSimpleProperty(Object,String)	org.apache.commons.beanutils2.DynaBean.getDynaClass()
org.apache.commons.beanutils2.bugs.Jira369TestCase.testBeanUtilsGetProperty_aRatedCd()	org.apache.commons.beanutils2.bugs.Jira369TestCase.TestBean.setARatedCd(String)
org.apache.commons.beanutils2.PropertyUtilsBean.getSimpleProperty(Object,String)	org.apache.commons.beanutils2.expression.Resolver.isMapped(String)
org.apache.commons.beanutils2.LazyDynaMap.add(String,Class<?>)	org.apache.commons.beanutils2.LazyDynaBean.createProperty(String,Class<?>)
org.apache.commons.beanutils2.DynaBeanUtilsTestCase.testCopyPropertiesDynaBean()	org.apache.commons.beanutils2.DynaBeanUtilsTestCase.createDynaClass()
org.apache.commons.beanutils2.BeanUtils2TestCase.testSetPropertyConvertToStringIndexed()	org.apache.commons.beanutils2.TestBean.setStringArray(String[])
org.apache.commons.beanutils2.BeanPredicateTestCase.testNull()	org.apache.commons.beanutils2.BeanPredicate.test(Object)
org.apache.commons.beanutils2.converters.DateConverterTestBase.testDefaultStringToTypeConvert()	org.apache.commons.beanutils2.converters.DateConverterTestBase.makeConverter()
org.apache.commons.beanutils2.MappedPropertyDescriptor.findMappedPropertyType()	org.apache.commons.beanutils2.MappedPropertyDescriptor.getMappedReadMethod()
org.apache.commons.beanutils2.BeanUtilsTestCase.testCopyPropertyConvert()	org.apache.commons.beanutils2.BeanUtils.copyProperty(Object,String,Object)
org.apache.commons.beanutils2.locale.LocaleBeanificationTestCase.TestIndependenceThread.run()	org.apache.commons.beanutils2.ConvertUtils.primitiveToWrapper(Class<T>)
org.apache.commons.beanutils2.locale.LocaleConvertUtilsTestCase.fixmetestPositiveIntegerArray()	org.apache.commons.beanutils2.locale.LocaleConvertUtilsTestCase.checkIntegerArray(Object,int[])
org.apache.commons.beanutils2.bugs.Jira454TestCase.testCopyProperties()	org.apache.commons.beanutils2.bugs.Jira454TestCase.TestBean.getCreatedAt()
org.apache.commons.beanutils2.PropertyUtilsBean.setIndexedProperty(Object,String,int,Object)	org.apache.commons.beanutils2.DynaBean.set(String,int,Object)
org.apache.commons.beanutils2.converters.ArrayConverterTestCase.testComponentIntegerConverter()	org.apache.commons.beanutils2.converters.NumberConverter.setPattern(String)
org.apache.commons.beanutils2.BeanToPropertyValueTransformerTestCase.testTransformWithIndexedProperty()	org.apache.commons.beanutils2.BeanToPropertyValueTransformer.apply(T)
org.apache.commons.beanutils2.LazyDynaBean.createProperty(String,Class<?>)	org.apache.commons.beanutils2.LazyDynaBean.createPrimitiveProperty(String,Class<?>)
org.apache.commons.beanutils2.FluentPropertyBeanIntrospectorTestCase.testIntrospection()	org.apache.commons.beanutils2.PropertyUtilsBean.getPropertyDescriptors(Class<?>)
org.apache.commons.beanutils2.PropertyUtilsTestCase.testSetSimpleUnknown()	org.apache.commons.beanutils2.PropertyUtils.setSimpleProperty(Object,String,Object)
org.apache.commons.beanutils2.WrapDynaClass.introspect()	org.apache.commons.beanutils2.WrapDynaClass.getPropertyUtilsBean()
org.apache.commons.beanutils2.LazyDynaClass.add(String,Class<?>)	org.apache.commons.beanutils2.LazyDynaClass.add(DynaProperty)
org.apache.commons.beanutils2.ConstructorUtilsTestCase.testInvokeConstructor()	org.apache.commons.beanutils2.TestBean.getStringProperty()
org.apache.commons.beanutils2.PropsFirstPropertyUtilsBean.setPropertyOfMapBean(Map<String, Object>,String,Object)	org.apache.commons.beanutils2.PropertyUtilsBean.getPropertyDescriptor(Object,String)
org.apache.commons.beanutils2.BeanMapTestCase.testExceptionThrowFromClear()	org.apache.commons.beanutils2.bugs.other.Jira87BeanFactory.createMappedPropertyBean()
org.apache.commons.beanutils2.BeanUtils.getMappedProperty(Object,String,String)	org.apache.commons.beanutils2.BeanUtilsBean.getMappedProperty(Object,String,String)
org.apache.commons.beanutils2.ConvertUtils.convert(String[],Class<?>)	org.apache.commons.beanutils2.ConvertUtilsBean.getInstance()
org.apache.commons.beanutils2.LazyDynaMapTestCase.testIndexedLinkedList()	org.apache.commons.beanutils2.LazyDynaBean.set(String,int,Object)
org.apache.commons.beanutils2.PropertyUtilsBean.getMappedProperty(Object,String)	org.apache.commons.beanutils2.PropertyUtilsBean.getMappedProperty(Object,String,String)
org.apache.commons.beanutils2.DynaPropertyUtilsTestCase.testSetNestedBoolean()	org.apache.commons.beanutils2.TestBean.getBooleanProperty()
org.apache.commons.beanutils2.LazyDynaBeanTestCase.testMappedPropertyDefault()	org.apache.commons.beanutils2.LazyDynaBean.set(String,String,Object)
org.apache.commons.beanutils2.converters.YearMonthConverter.convertToType(Class<T>,Object)	org.apache.commons.beanutils2.converters.AbstractConverter.conversionException(Class<?>,Object)
org.apache.commons.beanutils2.MethodUtils.getAccessibleMethod(Class<?>,Method)	org.apache.commons.beanutils2.MethodUtils.getAccessibleMethodFromSuperclass(Class<?>,String,Class<?>)
org.apache.commons.beanutils2.BasicDynaBeanTestCase.testSerialization()	org.apache.commons.beanutils2.BasicDynaBeanTestCase.testGetSimpleShort()
org.apache.commons.beanutils2.BeanToPropertyValueTransformerTestCase.testTransformWithSimpleByteProperty()	org.apache.commons.beanutils2.BeanToPropertyValueTransformer.apply(T)
org.apache.commons.beanutils2.LazyDynaListTestCase.dynaBeanTest(LazyDynaList,Class<?>,DynaClass,Object)	org.apache.commons.beanutils2.DynaBean.get(String)
org.apache.commons.beanutils2.BeanUtilsTestCase.testCopyPropertyConvertToStringArray()	org.apache.commons.beanutils2.TestBean.getStringArray()
org.apache.commons.beanutils2.LazyDynaListTestCase.testToArrayDynaBeans()	org.apache.commons.beanutils2.LazyDynaList.add(Object)
org.apache.commons.beanutils2.BeanUtilsTestCase.testDescribe()	org.apache.commons.beanutils2.BeanUtils.describe(Object)
org.apache.commons.beanutils2.BeanMap.reinitialise()	org.apache.commons.beanutils2.BeanMap.initialize()
org.apache.commons.beanutils2.WeakFastHashMap.cloneMap(Map<? extends K, ? extends V>)	org.apache.commons.beanutils2.WeakFastHashMap.createMap(Map<? extends K, ? extends V>)
org.apache.commons.beanutils2.BeanIntrospectionDataTestCase.testGetWriteMethodUndefined()	org.apache.commons.beanutils2.BeanIntrospectionDataTestCase.setUpData()
org.apache.commons.beanutils2.LazyDynaBeanTestCase.testMappedPropertyRestricted()	org.apache.commons.beanutils2.LazyDynaClass.getDynaProperty(String)
org.apache.commons.beanutils2.expression.DefaultResolverTestCase.testGetIndex()	org.apache.commons.beanutils2.expression.DefaultResolver.getIndex(String)
org.apache.commons.beanutils2.WeakFastHashMap.CollectionView.clear()	org.apache.commons.beanutils2.WeakFastHashMap.createMap()
org.apache.commons.beanutils2.ConvertUtilsTestCase.testSeparateConvertInstances()	org.apache.commons.beanutils2.ConvertUtilsBean.register(Converter,Class<?>)
org.apache.commons.beanutils2.MethodUtilsTestCase.testInvokeMethodPrimitiveInt()	org.apache.commons.beanutils2.PrimitiveBean.getInt()
org.apache.commons.beanutils2.DynaProperty.writeObject(ObjectOutputStream)	org.apache.commons.beanutils2.DynaProperty.isMapped()
org.apache.commons.beanutils2.LazyDynaListTestCase.testSerializationDynaBean()	org.apache.commons.beanutils2.BasicDynaBean.get(String)
org.apache.commons.beanutils2.LazyDynaMapTestCase.testGeneral()	org.apache.commons.beanutils2.LazyDynaMap.getName()
org.apache.commons.beanutils2.bugs.Jira359TestCase.testBeanUtilsSetProperty_CustomConvertStringToArray_WithColonValue()	org.apache.commons.beanutils2.BeanUtilsBean.getConvertUtils()
org.apache.commons.beanutils2.IndexedPropertyTestCase.setUp()	org.apache.commons.beanutils2.IndexedTestBean.setStringList(List<String>)
org.apache.commons.beanutils2.BaseDynaBeanMapDecorator.values()	org.apache.commons.beanutils2.BaseDynaBeanMapDecorator.getDynaBean()
org.apache.commons.beanutils2.PropertyUtilsBenchCase.setUp()	org.apache.commons.beanutils2.BenchBean.getByteProperty()
org.apache.commons.beanutils2.converters.DateConverterTestBase.stringConversion(Converter,String,Object)	org.apache.commons.beanutils2.Converter.convert(Class<T>,Object)
org.apache.commons.beanutils2.BeanMap.clone()	org.apache.commons.beanutils2.BeanMap.put(String,Object)
org.apache.commons.beanutils2.BasicDynaBeanTestCase.testMappedRemove()	org.apache.commons.beanutils2.DynaBean.contains(String,String)
org.apache.commons.beanutils2.DynaBeanMapDecoratorTestCase.testGet()	org.apache.commons.beanutils2.DynaProperty.getName()
org.apache.commons.beanutils2.PropertyUtilsTestCase.testSetNestedWriteOnly()	org.apache.commons.beanutils2.TestBean.getNested()
org.apache.commons.beanutils2.LazyDynaMapTestCase.testMappedPropertyDefault()	org.apache.commons.beanutils2.LazyDynaBean.get(String,String)
org.apache.commons.beanutils2.locale.converters.IntegerLocaleConverterTestCase.testNumber()	org.apache.commons.beanutils2.locale.BaseLocaleConverter.convert(Object)
org.apache.commons.beanutils2.converters.DurationConverter.convertToType(Class<T>,Object)	org.apache.commons.beanutils2.converters.AbstractConverter.conversionException(Class<?>,Object)
org.apache.commons.beanutils2.BeanUtilsTestCase.setUp()	org.apache.commons.beanutils2.BeanUtilsBean.setInstance(BeanUtilsBean)
org.apache.commons.beanutils2.memoryleaktests.MemoryLeakTestCase.testMethodUtils_cache_memoryLeak()	org.apache.commons.beanutils2.memoryleaktests.MemoryLeakTestCase.forceGarbageCollection()
org.apache.commons.beanutils2.BeanUtilsTestCase.testInitCause()	org.apache.commons.beanutils2.BeanUtilsTestCase.initCauseAndThrowException(String,String)
org.apache.commons.beanutils2.MethodUtilsTestCase.testInvokeExactMethodIndirectInterface()	org.apache.commons.beanutils2.MethodUtils.invokeExactMethod(Object,String,Object)
org.apache.commons.beanutils2.SuppressPropertiesBeanIntrospectorTestCase.testPropertyNamesDefensiveCopy()	org.apache.commons.beanutils2.SuppressPropertiesBeanIntrospector.introspect(IntrospectionContext)
org.apache.commons.beanutils2.BeanUtilsBean.copyProperties(Object,Object)	org.apache.commons.beanutils2.BeanUtilsBean.copyProperty(Object,String,Object)
org.apache.commons.beanutils2.locale.LocaleBeanUtils.setProperty(Object,String,Object,String)	org.apache.commons.beanutils2.locale.LocaleBeanUtilsBean.getLocaleBeanUtilsInstance()
org.apache.commons.beanutils2.LazyDynaClassTestCase.testGetPropertyDoesntExist2()	org.apache.commons.beanutils2.LazyDynaClass.getDynaProperty(String)
org.apache.commons.beanutils2.converters.ClassConverterTestCase.testArray()	org.apache.commons.beanutils2.Converter.convert(Class<T>,Object)
org.apache.commons.beanutils2.PropertyUtils.getProperty(Object,String)	org.apache.commons.beanutils2.PropertyUtilsBean.getInstance()
org.apache.commons.beanutils2.converters.FloatConverterTestCase.testInvalidAmount()	org.apache.commons.beanutils2.Converter.convert(Class<T>,Object)
org.apache.commons.beanutils2.BeanificationTestCase.testContextClassloaderIndependence()	org.apache.commons.beanutils2.BeanificationTestCase.Signal.getException()
org.apache.commons.beanutils2.converters.ArrayConverter.parseElements(Class<?>,String)	org.apache.commons.beanutils2.converters.AbstractConverter.toTrim(Object)
org.apache.commons.beanutils2.BaseDynaBeanMapDecorator.put(K,Object)	org.apache.commons.beanutils2.BaseDynaBeanMapDecorator.isReadOnly()
org.apache.commons.beanutils2.locale.LocaleBeanUtilsTestCase.testSetNestedPropertySimple()	org.apache.commons.beanutils2.locale.LocaleBeanUtils.setProperty(Object,String,Object,String)
org.apache.commons.beanutils2.PropertyUtilsTestCase.testGetNestedReadOnly()	org.apache.commons.beanutils2.TestBean.getReadOnlyProperty()
org.apache.commons.beanutils2.PropertyUtilsTestCase.testGetNestedFloat()	org.apache.commons.beanutils2.TestBean.getFloatProperty()
org.apache.commons.beanutils2.BeanPredicateTestCase.testInstanceOf()	org.apache.commons.beanutils2.BeanPredicate.test(Object)
org.apache.commons.beanutils2.DynaBeanUtilsTestCase.testCloneDynaBean()	org.apache.commons.beanutils2.DynaClass.newInstance()
org.apache.commons.beanutils2.BeanificationTestCase.testGetByContextClassLoader()	org.apache.commons.beanutils2.BeanificationTestCase.Signal.setPropertyUtils(PropertyUtilsBean)
org.apache.commons.beanutils2.BeanificationTestCase.SetInstanceTesterThread.run()	org.apache.commons.beanutils2.BeanUtilsBean.setInstance(BeanUtilsBean)
org.apache.commons.beanutils2.BeanUtilsBenchCase.testPopulateStrs()	org.apache.commons.beanutils2.BeanUtilsBean.populate(Object,Map<String, Object>)
org.apache.commons.beanutils2.locale.LocaleBeanUtilsBean.setApplyLocalized(boolean)	org.apache.commons.beanutils2.locale.LocaleBeanUtilsBean.getLocaleConvertUtils()
org.apache.commons.beanutils2.BaseDynaBeanMapDecorator.containsKey(Object)	org.apache.commons.beanutils2.DynaBean.getDynaClass()
org.apache.commons.beanutils2.PropertyUtilsTestCase.testSetNestedFloat()	org.apache.commons.beanutils2.TestBean.getFloatProperty()
org.apache.commons.beanutils2.PropertyUtils.clearDescriptors()	org.apache.commons.beanutils2.PropertyUtilsBean.getInstance()
org.apache.commons.beanutils2.converters.EnumConverterTestCase.setUp()	org.apache.commons.beanutils2.converters.EnumConverterTestCase.makeConverter()
org.apache.commons.beanutils2.PropertyUtils.getPropertyDescriptors(Object)	org.apache.commons.beanutils2.PropertyUtilsBean.getInstance()
org.apache.commons.beanutils2.DynaPropertyUtilsTestCase.testGetSimpleIndexed()	org.apache.commons.beanutils2.PropertyUtils.getSimpleProperty(Object,String)
org.apache.commons.beanutils2.LazyDynaMapTestCase.testSimpleProperty()	org.apache.commons.beanutils2.LazyDynaBean.get(String)
org.apache.commons.beanutils2.converters.MonthDayConverterTestCase.setUp()	org.apache.commons.beanutils2.converters.MonthDayConverterTestCase.makeConverter()
org.apache.commons.beanutils2.converters.YearConverterTestCase.setUp()	org.apache.commons.beanutils2.converters.YearConverterTestCase.makeConverter()
org.apache.commons.beanutils2.LazyDynaClassTestCase.testAddPropertyRestricted1()	org.apache.commons.beanutils2.LazyDynaClass.isRestricted()
org.apache.commons.beanutils2.DynaPropertyUtilsTestCase.testSetNestedArguments()	org.apache.commons.beanutils2.PropertyUtils.setNestedProperty(Object,String,Object)
org.apache.commons.beanutils2.BeanIntrospectionDataTestCase.fetchTestDescriptor(BeanIntrospectionData)	org.apache.commons.beanutils2.BeanIntrospectionData.getDescriptor(String)
org.apache.commons.beanutils2.MethodUtilsTestCase.testNoCaching()	org.apache.commons.beanutils2.MethodUtils.setCacheMethods(boolean)
org.apache.commons.beanutils2.MappedPropertyDescriptor.getMappedReadMethod()	org.apache.commons.beanutils2.MappedPropertyDescriptor.MappedMethodReference.get()
org.apache.commons.beanutils2.IndexedPropertyTestCase.testGetArrayItemB()	org.apache.commons.beanutils2.BeanUtilsBean.getIndexedProperty(Object,String,int)
org.apache.commons.beanutils2.BeanUtilsBean.describe(Object)	org.apache.commons.beanutils2.BeanUtilsBean.getPropertyUtils()
org.apache.commons.beanutils2.BeanUtilsTestCase.testSeparateInstances()	org.apache.commons.beanutils2.BeanUtilsBean.getConvertUtils()
org.apache.commons.beanutils2.PropertyUtilsTestCase.testCopyPropertiesMap()	org.apache.commons.beanutils2.TestBean.getDupProperty()
org.apache.commons.beanutils2.PropertyUtilsTestCase.testGetNestedDouble()	org.apache.commons.beanutils2.TestBean.getNested()
org.apache.commons.beanutils2.MethodUtils.getMatchingAccessibleMethod(Class<?>,String,Class<?>)	org.apache.commons.beanutils2.MethodUtils.getCachedMethod(MethodDescriptor)
org.apache.commons.beanutils2.PropertyUtilsBean.describe(Object)	org.apache.commons.beanutils2.DynaProperty.getName()
org.apache.commons.beanutils2.BeanificationTestCase.testContextClassLoaderLocal()	org.apache.commons.beanutils2.BeanificationTestCase.Signal.getMarkerObject()
org.apache.commons.beanutils2.BeanPropertyValueChangeConsumerTestCase.testExecuteWithSimplePrimitivePropertyAndNullValue()	org.apache.commons.beanutils2.BeanPropertyValueChangeConsumer.accept(Object)
org.apache.commons.beanutils2.locale.LocaleConvertUtils.convert(String[],Class<?>,Locale,String)	org.apache.commons.beanutils2.locale.LocaleConvertUtilsBean.convert(String[],Class<?>,Locale,String)
org.apache.commons.beanutils2.BeanPropertyValueChangeConsumerTestCase.testExecuteWithSimpleDoublePropertyAndStringValue()	org.apache.commons.beanutils2.BeanPropertyValueChangeConsumer.accept(Object)
org.apache.commons.beanutils2.DynaPropertyUtilsTestCase.testSetNestedDouble()	org.apache.commons.beanutils2.PropertyUtils.setNestedProperty(Object,String,Object)
org.apache.commons.beanutils2.BeanUtilsBean.getIndexedProperty(Object,String)	org.apache.commons.beanutils2.BeanUtilsBean.getConvertUtils()
org.apache.commons.beanutils2.locale.LocaleConvertUtilsTestCase.fixmetestPositiveStringArray()	org.apache.commons.beanutils2.locale.LocaleConvertUtils.convert(String,Class<?>)
org.apache.commons.beanutils2.locale.LocaleBeanUtilsBean.getApplyLocalized()	org.apache.commons.beanutils2.locale.LocaleBeanUtilsBean.getLocaleConvertUtils()
org.apache.commons.beanutils2.ConvertUtilsTestCase.testPositiveStringArray()	org.apache.commons.beanutils2.ConvertUtils.convert(String,Class<?>)
org.apache.commons.beanutils2.PropertyUtilsBean.getPropertyDescriptor(Object,String)	org.apache.commons.beanutils2.PropertyUtilsBean.getMappedPropertyDescriptors(Object)
org.apache.commons.beanutils2.MethodUtilsTestCase.testSimpleStatic3()	org.apache.commons.beanutils2.TestBean.currentCounter()
org.apache.commons.beanutils2.BeanUtilsTestCase.testArrayPropertyConversion()	org.apache.commons.beanutils2.TestBean.getIntArray()
org.apache.commons.beanutils2.converters.BooleanConverter.convertToType(Class<T>,Object)	org.apache.commons.beanutils2.converters.AbstractConverter.toLowerCase(Object)
org.apache.commons.beanutils2.locale.LocaleConvertUtilsBean.convert(Object,String)	org.apache.commons.beanutils2.locale.LocaleConvertUtilsBean.convert(Object,Locale,String)
org.apache.commons.beanutils2.PropertyUtilsBean.isReadable(Object,String)	org.apache.commons.beanutils2.MethodUtils.getAccessibleMethod(Class<?>,Method)
org.apache.commons.beanutils2.BeanificationTestCase.testMemoryLeak()	org.apache.commons.beanutils2.ConvertUtilsBean.getInstance()
org.apache.commons.beanutils2.locale.LocaleBeanUtilsTestCase.testSetNestedPropertySimple()	org.apache.commons.beanutils2.TestBean.setIntProperty(int)
org.apache.commons.beanutils2.locale.LocaleConvertUtils.convert(Object,Locale,String)	org.apache.commons.beanutils2.locale.LocaleConvertUtilsBean.convert(Object,Locale,String)
org.apache.commons.beanutils2.LazyDynaListTestCase.testSerializationMap()	org.apache.commons.beanutils2.LazyDynaList.get(int)
org.apache.commons.beanutils2.LazyDynaMapTestCase.testIndexedInvalidType()	org.apache.commons.beanutils2.LazyDynaMap.set(String,Object)
org.apache.commons.beanutils2.converters.ShortConverterTestCase.testInvalidAmount()	org.apache.commons.beanutils2.Converter.convert(Class<T>,Object)
org.apache.commons.beanutils2.JDBCDynaClass.getObject(ResultSet,String)	org.apache.commons.beanutils2.JDBCDynaClass.getColumnName(String)
org.apache.commons.beanutils2.BeanPropertyValueEqualsPredicateTestCase.testEvaluateWithNestedMappedProperty()	org.apache.commons.beanutils2.TestBean.setMappedProperty(String,String)
org.apache.commons.beanutils2.LazyDynaBeanTestCase.testMappedPropertyUtils()	org.apache.commons.beanutils2.LazyDynaBean.get(String)
org.apache.commons.beanutils2.locale.LocaleConvertUtilsTestCase.fixmetestObjectToStringArray()	org.apache.commons.beanutils2.locale.LocaleConvertUtils.convert(Object)
org.apache.commons.beanutils2.LazyDynaClassTestCase.testAddPropertyNullName3()	org.apache.commons.beanutils2.LazyDynaClass.add(String,Class<?>,boolean,boolean)
org.apache.commons.beanutils2.locale.LocaleBeanificationTestCase.testBeanUtilsBeanSetInstance()	org.apache.commons.beanutils2.locale.LocaleBeanificationTestCase.Signal.setSignal(int)
org.apache.commons.beanutils2.BeanUtils.copyProperty(Object,String,Object)	org.apache.commons.beanutils2.BeanUtilsBean.copyProperty(Object,String,Object)
org.apache.commons.beanutils2.DynaPropertyUtilsTestCase.testGetSimpleUnknown()	org.apache.commons.beanutils2.DynaBean.getDynaClass()
org.apache.commons.beanutils2.locale.BaseLocaleConverter.convert(Class<T>,Object)	org.apache.commons.beanutils2.locale.BaseLocaleConverter.convert(Class<T>,Object,String)
org.apache.commons.beanutils2.BeanificationTestCase.testBeanUtilsBeanSetInstance()	org.apache.commons.beanutils2.BeanUtilsBean.setInstance(BeanUtilsBean)
org.apache.commons.beanutils2.LazyDynaList.setElementType(Class<?>)	org.apache.commons.beanutils2.LazyDynaMap.getMap()
org.apache.commons.beanutils2.converters.ClassConverterTestCase.testInvalid()	org.apache.commons.beanutils2.Converter.convert(Class<T>,Object)
org.apache.commons.beanutils2.DynaBeanUtilsTestCase.testPopulateScalar()	org.apache.commons.beanutils2.DynaBean.set(String,Object)
org.apache.commons.beanutils2.BeanUtils2TestCase.testCopyPropertyConvertToStringIndexed()	org.apache.commons.beanutils2.TestBean.setStringArray(String[])
org.apache.commons.beanutils2.bugs.Jira61TestCase.testIssue_BEANUTILS_61_PropertyUtils_isReadable_Mapped()	org.apache.commons.beanutils2.PropertyUtils.isReadable(Object,String)
org.apache.commons.beanutils2.memoryleaktests.MemoryLeakTestCase.testMappedPropertyDescriptor_MappedMethodReference1()	org.apache.commons.beanutils2.memoryleaktests.MemoryLeakTestCase.forceGarbageCollection()
org.apache.commons.beanutils2.locale.LocaleBeanificationTestCase.testContextClassLoaderLocal()	org.apache.commons.beanutils2.locale.LocaleBeanificationTestCase.Signal.setSignal(int)
org.apache.commons.beanutils2.DynaPropertyUtilsTestCase.testGetMappedPeriods()	org.apache.commons.beanutils2.PropertyUtils.getNestedProperty(Object,String)
org.apache.commons.beanutils2.MethodUtilsTestCase.testInvokeExactStaticMethodNull()	org.apache.commons.beanutils2.MethodUtils.invokeExactStaticMethod(Class<?>,String,Object)
org.apache.commons.beanutils2.PropertyUtilsBean.getNestedProperty(Object,String)	org.apache.commons.beanutils2.expression.Resolver.next(String)
org.apache.commons.beanutils2.converters.ZoneIdConverterTestCase.testUnsupportedType()	org.apache.commons.beanutils2.Converter.convert(Class<T>,Object)
org.apache.commons.beanutils2.ConvertUtils.deregister(Class<?>)	org.apache.commons.beanutils2.ConvertUtilsBean.getInstance()
org.apache.commons.beanutils2.BeanToPropertyValueTransformerTestCase.testTransformWithSimpleFloatProperty()	org.apache.commons.beanutils2.BeanToPropertyValueTransformer.apply(T)
org.apache.commons.beanutils2.BeanificationTestCase.SetInstanceTesterThread.run()	org.apache.commons.beanutils2.BeanUtilsBean.getInstance()
org.apache.commons.beanutils2.LazyDynaBean.set(String,String,Object)	org.apache.commons.beanutils2.LazyDynaBean.defaultMappedProperty(String)
org.apache.commons.beanutils2.BeanificationTestCase.GetBeanUtilsBeanThread.run()	org.apache.commons.beanutils2.ConvertUtilsBean.getInstance()
org.apache.commons.beanutils2.BeanUtilsBean.copyProperties(Object,Object)	org.apache.commons.beanutils2.DynaBean.get(String)
org.apache.commons.beanutils2.ConvertUtilsBean.registerOther(boolean)	org.apache.commons.beanutils2.ConvertUtilsBean.register(Class<?>,Converter)
org.apache.commons.beanutils2.bugs.Jira358TestCase.testPropertyUtils_getIndexedProperty_Array()	org.apache.commons.beanutils2.PropertyUtils.getIndexedProperty(Object,String,int)
org.apache.commons.beanutils2.IndexedPropertyTestCase.testArrayIndexedWriteMethod()	org.apache.commons.beanutils2.PropertyUtilsBean.getPropertyDescriptor(Object,String)
org.apache.commons.beanutils2.memoryleaktests.MemoryLeakTestCase.testLocaleConvertUtilsBean_converters_memoryLeak()	org.apache.commons.beanutils2.memoryleaktests.MemoryLeakTestCase.newClassLoader()
org.apache.commons.beanutils2.DynaBeanUtilsTestCase.testCopyPropertiesStandard()	org.apache.commons.beanutils2.DynaBean.get(String)
org.apache.commons.beanutils2.converters.NumberConverter.convertToType(Class<T>,Object)	org.apache.commons.beanutils2.converters.AbstractConverter.log()
org.apache.commons.beanutils2.DynaPropertyUtilsTestCase.testCopyPropertiesMap()	org.apache.commons.beanutils2.PropertyUtils.copyProperties(Object,Object)
org.apache.commons.beanutils2.LazyDynaMapTestCase.testMappedPropertyRestricted()	org.apache.commons.beanutils2.LazyDynaBean.get(String)
org.apache.commons.beanutils2.LazyDynaBeanTestCase.testIndexedPropertyRestricted()	org.apache.commons.beanutils2.LazyDynaBean.get(String)
org.apache.commons.beanutils2.DynaProperty.toString()	org.apache.commons.beanutils2.DynaProperty.isMapped()
org.apache.commons.beanutils2.LazyDynaBean.createDynaBeanProperty(String,Class<?>)	org.apache.commons.beanutils2.LazyDynaBean.logger()
org.apache.commons.beanutils2.locale.LocaleBeanUtils.setDefaultLocale(Locale)	org.apache.commons.beanutils2.locale.LocaleBeanUtilsBean.getLocaleBeanUtilsInstance()
org.apache.commons.beanutils2.WrapDynaBeanTestCase.testSerialization()	org.apache.commons.beanutils2.WrapDynaBean.get(String)
org.apache.commons.beanutils2.BeanUtilsBean.describe(Object)	org.apache.commons.beanutils2.DynaClass.getDynaProperties()
org.apache.commons.beanutils2.locale.LocaleConvertUtils.getDefaultLocale()	org.apache.commons.beanutils2.locale.LocaleConvertUtilsBean.getDefaultLocale()
org.apache.commons.beanutils2.BeanUtilsTestCase.testInitCause()	org.apache.commons.beanutils2.BeanUtilsTestCase.getCause(Throwable)
org.apache.commons.beanutils2.SuppressPropertiesBeanIntrospector.introspect(IntrospectionContext)	org.apache.commons.beanutils2.SuppressPropertiesBeanIntrospector.getSuppressedProperties()
org.apache.commons.beanutils2.BeanUtilsTestCase.testPopulateScalar()	org.apache.commons.beanutils2.BeanUtils.populate(Object,Map<String, Object>)
org.apache.commons.beanutils2.PropertyUtilsTestCase.testCopyPropertiesMap()	org.apache.commons.beanutils2.TestBean.getLongProperty()
org.apache.commons.beanutils2.PropertyUtilsTestCase.testGetSimpleArguments()	org.apache.commons.beanutils2.PropertyUtils.getSimpleProperty(Object,String)
org.apache.commons.beanutils2.PropertyUtilsBean.fetchIntrospectionData(Class<?>)	org.apache.commons.beanutils2.BeanIntrospector.introspect(IntrospectionContext)
org.apache.commons.beanutils2.LazyDynaBeanTestCase.setUp()	org.apache.commons.beanutils2.LazyDynaBean.getDynaClass()
org.apache.commons.beanutils2.PropertyUtilsBean.setMappedProperty(Object,String,String,Object)	org.apache.commons.beanutils2.PropertyUtilsBean.getPropertyDescriptor(Object,String)
org.apache.commons.beanutils2.locale.LocaleBeanificationTestCase.testGetByContextClassLoader()	org.apache.commons.beanutils2.locale.LocaleBeanificationTestCase.Signal.setConvertUtils(LocaleConvertUtilsBean)
org.apache.commons.beanutils2.PropertyUtilsTestCase.testGetSimpleFloat()	org.apache.commons.beanutils2.TestBean.getFloatProperty()
org.apache.commons.beanutils2.PropertyUtilsTestCase.testSetSimpleFloat()	org.apache.commons.beanutils2.TestBean.getFloatProperty()
org.apache.commons.beanutils2.BeanificationTestCase.testContextClassloaderIndependence()	org.apache.commons.beanutils2.ConvertUtils.register(Converter,Class<?>)
org.apache.commons.beanutils2.DynaBeanMapDecoratorTestCase.setUp()	org.apache.commons.beanutils2.BasicDynaBean.set(String,Object)
org.apache.commons.beanutils2.bugs.Jira298TestCase.testIssue_BEANUTILS_298_PropertyUtils_setProperty()	org.apache.commons.beanutils2.bugs.other.Jira298BeanFactory.createImplX()
org.apache.commons.beanutils2.BeanIntrospectionDataTestCase.fetchDescriptors()	org.apache.commons.beanutils2.PropertyUtilsBean.removeBeanIntrospector(BeanIntrospector)
org.apache.commons.beanutils2.BeanToPropertyValueTransformerTestCase.testTransformWithMappedProperty()	org.apache.commons.beanutils2.BeanToPropertyValueTransformer.apply(T)
org.apache.commons.beanutils2.PropertyUtilsTestCase.testSetMappedValues()	org.apache.commons.beanutils2.PropertyUtils.setNestedProperty(Object,String,Object)
org.apache.commons.beanutils2.PropertyUtilsTestCase.testSetNestedBoolean()	org.apache.commons.beanutils2.TestBean.getNested()
org.apache.commons.beanutils2.bugs.Jira368TestCase.main(String[])	org.apache.commons.beanutils2.bugs.Jira368TestCase.suite()
org.apache.commons.beanutils2.converters.UUIDConverterTestCase.testSimpleConversion()	org.apache.commons.beanutils2.Converter.convert(Class<T>,Object)
org.apache.commons.beanutils2.BeanIntrospectionDataTestCase.fetchDescriptors()	org.apache.commons.beanutils2.PropertyUtilsBean.addBeanIntrospector(BeanIntrospector)
org.apache.commons.beanutils2.BeanificationTestCase.TestIndependenceThread.run()	org.apache.commons.beanutils2.BeanificationTestCase.Signal.setException(Exception)
org.apache.commons.beanutils2.LazyDynaMapTestCase.testSimplePropertyRestricted()	org.apache.commons.beanutils2.LazyDynaMap.getDynaProperty(String)
org.apache.commons.beanutils2.WrapDynaBeanTestCase.testGetWrapDynaClassFromCache()	org.apache.commons.beanutils2.WrapDynaClass.createDynaClass(Class<?>)
org.apache.commons.beanutils2.PropertyUtilsBean.invokeMethod(Method,Object,Object[])	org.apache.commons.beanutils2.BeanUtils.initCause(Throwable,Throwable)
org.apache.commons.beanutils2.BeanPropertyValueChangeConsumerTestCase.testExecuteWithSimpleBooleanPropertyAndBooleanValue()	org.apache.commons.beanutils2.TestBean.getBooleanProperty()
org.apache.commons.beanutils2.PropertyUtilsTestCase.testSetMappedArray()	org.apache.commons.beanutils2.PropertyUtils.setProperty(Object,String,Object)
org.apache.commons.beanutils2.LazyDynaBeanTestCase.testIndexedPropertyUtils()	org.apache.commons.beanutils2.PropertyUtils.setProperty(Object,String,Object)
org.apache.commons.beanutils2.PropertyUtilsTestCase.testNestedPropertyKeyOrIndexOnBeanImplementingMap()	org.apache.commons.beanutils2.PropertyUtilsTestCase.keysToString(Map<?, ?>)
org.apache.commons.beanutils2.TestResultSet.invoke(Object,Method,Object[])	org.apache.commons.beanutils2.TestResultSet.getTime(String)
org.apache.commons.beanutils2.bugs.Jira358TestCase.testPropertyUtils_getIndexedProperty_List()	org.apache.commons.beanutils2.TestBean.getListIndexed()
org.apache.commons.beanutils2.PropertyUtilsBean.getNestedProperty(Object,String)	org.apache.commons.beanutils2.PropertyUtilsBean.getMappedProperty(Object,String)
org.apache.commons.beanutils2.PropertyUtilsBean.getIndexedProperty(Object,String)	org.apache.commons.beanutils2.PropertyUtilsBean.getIndexedProperty(Object,String,int)
org.apache.commons.beanutils2.BeanMap.valueIterator()	org.apache.commons.beanutils2.BeanMap.get(Object)
org.apache.commons.beanutils2.BaseDynaBeanMapDecorator.containsValue(Object)	org.apache.commons.beanutils2.DynaBean.get(String)
org.apache.commons.beanutils2.locale.LocaleBeanificationTestCase.testMemoryLeak2()	org.apache.commons.beanutils2.BeanUtilsTestCase.isPre14JVM()
org.apache.commons.beanutils2.converters.DurationConverterTestCase.testUnsupportedType()	org.apache.commons.beanutils2.Converter.convert(Class<T>,Object)
org.apache.commons.beanutils2.locale.LocaleConvertUtils.setDefaultLocale(Locale)	org.apache.commons.beanutils2.locale.LocaleConvertUtilsBean.setDefaultLocale(Locale)
org.apache.commons.beanutils2.PropertyUtilsTestCase.testSetIndexedValues()	org.apache.commons.beanutils2.PropertyUtils.getIndexedProperty(Object,String,int)
org.apache.commons.beanutils2.converters.DateTimeConverter.parse(Class<?>,Class<?>,String)	org.apache.commons.beanutils2.converters.DateTimeConverter.parse(Class<?>,Class<?>,String,DateFormat)
org.apache.commons.beanutils2.converters.DateConverterTestBase.testLocale()	org.apache.commons.beanutils2.converters.DateConverterTestBase.makeConverter()
org.apache.commons.beanutils2.TestResultSet.invoke(Object,Method,Object[])	org.apache.commons.beanutils2.TestResultSet.getDate(String)
org.apache.commons.beanutils2.BeanUtils.getArrayProperty(Object,String)	org.apache.commons.beanutils2.BeanUtilsBean.getInstance()
org.apache.commons.beanutils2.PropertyUtilsTestCase.testSetIndexedArguments()	org.apache.commons.beanutils2.PropertyUtils.setIndexedProperty(Object,String,Object)
org.apache.commons.beanutils2.LazyDynaClassTestCase.testRemovePropertyRestricted()	org.apache.commons.beanutils2.LazyDynaClass.isDynaProperty(String)
org.apache.commons.beanutils2.MappedPropertyTestCase.testAnyArgsProperty()	org.apache.commons.beanutils2.MappedPropertyDescriptor.getMappedWriteMethod()
org.apache.commons.beanutils2.PropertyUtils.describe(Object)	org.apache.commons.beanutils2.PropertyUtilsBean.getInstance()
org.apache.commons.beanutils2.BeanificationTestCase.testContextClassLoaderLocal()	org.apache.commons.beanutils2.ContextClassLoaderLocal.get()
org.apache.commons.beanutils2.converters.ArrayConverter.convertToString(Object)	org.apache.commons.beanutils2.converters.ArrayConverter.getDefault(Class<?>)
org.apache.commons.beanutils2.BeanUtilsTestCase.initCauseAndThrowException(String,String)	org.apache.commons.beanutils2.BeanUtils.initCause(Throwable,Throwable)
org.apache.commons.beanutils2.LazyDynaMapTestCase.testIndexedPropertyDefault()	org.apache.commons.beanutils2.LazyDynaBean.get(String)
org.apache.commons.beanutils2.DefaultIntrospectionContextTestCase.testRemovePropertyDescriptor()	org.apache.commons.beanutils2.DefaultIntrospectionContext.addPropertyDescriptor(PropertyDescriptor)
org.apache.commons.beanutils2.bugs.Jira359TestCase.testBeanUtilsSetProperty_DefaultConvertStringToArray_WithColonValue()	org.apache.commons.beanutils2.bugs.Jira359TestCase.showArray(String,String[])
org.apache.commons.beanutils2.BeanUtilsBean.getMappedProperty(Object,String)	org.apache.commons.beanutils2.BeanUtilsBean.getPropertyUtils()
org.apache.commons.beanutils2.BaseDynaBeanMapDecorator.entrySet()	org.apache.commons.beanutils2.DynaBean.get(String)
org.apache.commons.beanutils2.BeanUtilsTestCase.testPopulateNested()	org.apache.commons.beanutils2.TestBean.getWriteOnlyPropertyValue()
org.apache.commons.beanutils2.BeanUtils.cloneBean(Object)	org.apache.commons.beanutils2.BeanUtilsBean.cloneBean(Object)
org.apache.commons.beanutils2.locale.LocaleBeanUtilsTestCase.testSetNestedPropertyIndexed()	org.apache.commons.beanutils2.TestBean.getNested()
org.apache.commons.beanutils2.memoryleaktests.MemoryLeakTestCase.testMappedPropertyDescriptor_MappedMethodReference2()	org.apache.commons.beanutils2.memoryleaktests.MemoryLeakTestCase.clearAllBeanUtilsCaches()
org.apache.commons.beanutils2.BaseDynaBeanMapDecorator.put(K,Object)	org.apache.commons.beanutils2.DynaBean.get(String)
org.apache.commons.beanutils2.PropertyUtilsBenchCase.setUp()	org.apache.commons.beanutils2.BenchBean.getShortProperty()
org.apache.commons.beanutils2.BeanUtilsTestCase.testSetPropertyConvertFromString()	org.apache.commons.beanutils2.BeanUtils.setProperty(Object,String,Object)
org.apache.commons.beanutils2.BaseDynaBeanMapDecorator.containsKey(Object)	org.apache.commons.beanutils2.BaseDynaBeanMapDecorator.toString(Object)
org.apache.commons.beanutils2.BeanificationTestCase.TestIndependenceThread.run()	org.apache.commons.beanutils2.ConvertUtils.primitiveToWrapper(Class<T>)
org.apache.commons.beanutils2.BeanUtilsTestCase.testCopyPropertiesStandard()	org.apache.commons.beanutils2.TestBean.getShortProperty()
org.apache.commons.beanutils2.converters.DateTimeConverter.convertToString(Object)	org.apache.commons.beanutils2.converters.DateTimeConverter.getFormat(Locale,TimeZone)
org.apache.commons.beanutils2.locale.converters.SqlTimestampLocaleConverter.parse(Object,String)	org.apache.commons.beanutils2.locale.converters.DateLocaleConverter.parse(Object,String)
org.apache.commons.beanutils2.MappedPropertyDescriptor.setMappedWriteMethod(Method)	org.apache.commons.beanutils2.MappedPropertyDescriptor.findMappedPropertyType()
org.apache.commons.beanutils2.PropertyUtilsBean.getNestedProperty(Object,String)	org.apache.commons.beanutils2.expression.Resolver.isIndexed(String)
org.apache.commons.beanutils2.memoryleaktests.MemoryLeakTestCase.testPropertyUtilsBean_descriptorsCache_memoryLeak()	org.apache.commons.beanutils2.memoryleaktests.MemoryLeakTestCase.newClassLoader()
org.apache.commons.beanutils2.BasicDynaBeanTestCase.testGetDescriptors()	org.apache.commons.beanutils2.DynaBean.getDynaClass()
org.apache.commons.beanutils2.DynaBeanUtilsTestCase.testSetPropertyOnPrimitiveWrappers()	org.apache.commons.beanutils2.BeanUtils.setProperty(Object,String,Object)
org.apache.commons.beanutils2.DynaPropertyUtilsTestCase.testSetMappedValues()	org.apache.commons.beanutils2.PropertyUtils.getMappedProperty(Object,String)
org.apache.commons.beanutils2.ContextClassLoaderLocal.unset()	org.apache.commons.beanutils2.ContextClassLoaderLocal.unset(ClassLoader)
org.apache.commons.beanutils2.locale.LocaleBeanUtils.setDefaultLocale(Locale)	org.apache.commons.beanutils2.locale.LocaleBeanUtilsBean.setDefaultLocale(Locale)
org.apache.commons.beanutils2.LazyDynaBean.set(String,String,Object)	org.apache.commons.beanutils2.DynaClass.getDynaProperty(String)
org.apache.commons.beanutils2.BeanificationTestCase.GetBeanUtilsBeanThread.run()	org.apache.commons.beanutils2.BeanificationTestCase.Signal.setConvertUtils(ConvertUtilsBean)
org.apache.commons.beanutils2.converters.NumberConverterTestBase.testNumberToStringPattern()	org.apache.commons.beanutils2.converters.AbstractConverter.convert(Class<T>,Object)
org.apache.commons.beanutils2.DynaBeanUtilsTestCase.testCloneDynaBean()	org.apache.commons.beanutils2.DynaBean.get(String)
org.apache.commons.beanutils2.LazyDynaBeanTestCase.testIndexedLinkedList()	org.apache.commons.beanutils2.LazyDynaBean.get(String,int)
org.apache.commons.beanutils2.LazyDynaListTestCase.findStringProperty(DynaClass)	org.apache.commons.beanutils2.DynaClass.getDynaProperties()
org.apache.commons.beanutils2.LazyDynaListTestCase.mapTest(LazyDynaList,Class<?>,Object)	org.apache.commons.beanutils2.LazyDynaMap.getMap()
org.apache.commons.beanutils2.DynaPropertyUtilsTestCase.testGetMappedSlashes()	org.apache.commons.beanutils2.DynaBean.set(String,String,Object)
org.apache.commons.beanutils2.MethodUtilsTestCase.testInvokeMethodPrimitiveLong()	org.apache.commons.beanutils2.MethodUtils.invokeMethod(Object,String,Object)
org.apache.commons.beanutils2.LazyDynaClassTestCase.testRemoveProperty()	org.apache.commons.beanutils2.LazyDynaClass.isDynaProperty(String)
org.apache.commons.beanutils2.locale.LocaleConvertUtilsBean.create(Locale)	org.apache.commons.beanutils2.BeanUtils.createCache()
org.apache.commons.beanutils2.BeanUtilsTestCase.testSetPropertyNull()	org.apache.commons.beanutils2.BeanUtils.setProperty(Object,String,Object)
org.apache.commons.beanutils2.PropertyUtilsTestCase.testSetIndexedList()	org.apache.commons.beanutils2.PropertyUtils.setProperty(Object,String,Object)
org.apache.commons.beanutils2.BasicDynaBeanTestCase.testGetSimpleShort()	org.apache.commons.beanutils2.DynaBean.get(String)
org.apache.commons.beanutils2.BeanUtilsTestCase.testSetPropertyShort()	org.apache.commons.beanutils2.BeanUtils.setProperty(Object,String,Object)
org.apache.commons.beanutils2.BeanMap.clone()	org.apache.commons.beanutils2.BeanMap.setBean(Object)
org.apache.commons.beanutils2.PropertyUtilsBean.getWriteMethod(Class<?>,PropertyDescriptor)	org.apache.commons.beanutils2.MethodUtils.getAccessibleMethod(Class<?>,Method)
org.apache.commons.beanutils2.BeanUtilsTestCase.testPopulateNested()	org.apache.commons.beanutils2.TestBean.getShortProperty()
org.apache.commons.beanutils2.LazyDynaBeanTestCase.testIndexedObjectArray()	org.apache.commons.beanutils2.DynaProperty.getType()
org.apache.commons.beanutils2.BasicDynaBeanTestCase.testSetSimpleShort()	org.apache.commons.beanutils2.DynaBean.get(String)
org.apache.commons.beanutils2.LazyDynaList.addAll(Collection<?>)	org.apache.commons.beanutils2.LazyDynaList.add(Object)
org.apache.commons.beanutils2.locale.LocaleBeanUtilsBean.setProperty(Object,String,Object,String)	org.apache.commons.beanutils2.expression.Resolver.getKey(String)
org.apache.commons.beanutils2.ConvertUtilsBean.convert(String[],Class<?>)	org.apache.commons.beanutils2.Converter.convert(Class<T>,Object)
org.apache.commons.beanutils2.LazyDynaBeanTestCase.testSimplePropertyRestricted()	org.apache.commons.beanutils2.LazyDynaClass.getDynaProperty(String)
org.apache.commons.beanutils2.converters.DateConverterTestBase.testPatternNullDefault()	org.apache.commons.beanutils2.converters.DateTimeConverter.setPattern(String)
org.apache.commons.beanutils2.MappedPropertyTestCase.testMapGetter()	org.apache.commons.beanutils2.MappedPropertyTestBean.getMyMap()
org.apache.commons.beanutils2.PropertyUtilsBean.getSimpleProperty(Object,String)	org.apache.commons.beanutils2.expression.Resolver.isIndexed(String)
org.apache.commons.beanutils2.memoryleaktests.MemoryLeakTestCase.clearAllBeanUtilsCaches()	org.apache.commons.beanutils2.MethodUtils.clearCache()
org.apache.commons.beanutils2.BeanMap.put(String,Object)	org.apache.commons.beanutils2.BeanMap.createWriteMethodArguments(Method,Object)
org.apache.commons.beanutils2.MethodUtilsTestCase.testInvokeMethodPrimitiveFloat()	org.apache.commons.beanutils2.MethodUtils.invokeMethod(Object,String,Object)
org.apache.commons.beanutils2.converters.BigIntegerConverterTestCase.testSimpleConversion()	org.apache.commons.beanutils2.Converter.convert(Class<T>,Object)
org.apache.commons.beanutils2.locale.LocaleBeanUtils.getIndexedProperty(Object,String,int,String)	org.apache.commons.beanutils2.locale.LocaleBeanUtilsBean.getLocaleBeanUtilsInstance()
org.apache.commons.beanutils2.BeanMap.put(String,Object)	org.apache.commons.beanutils2.BeanMap.logInfo(Exception)
org.apache.commons.beanutils2.BeanUtilsTestCase.testSetPropertyInteger()	org.apache.commons.beanutils2.BeanUtils.setProperty(Object,String,Object)
org.apache.commons.beanutils2.memoryleaktests.MemoryLeakTestCase.testLocaleConvertUtilsBean_converters_memoryLeak()	org.apache.commons.beanutils2.locale.LocaleConvertUtils.convert(String,Class<?>,Locale,String)
org.apache.commons.beanutils2.BeanUtilsBean.getIndexedProperty(Object,String,int)	org.apache.commons.beanutils2.BeanUtilsBean.getConvertUtils()
org.apache.commons.beanutils2.LazyDynaListTestCase.testCollection(LazyDynaList,Class<?>,DynaClass,Object)	org.apache.commons.beanutils2.DynaBean.get(String)
org.apache.commons.beanutils2.WrapDynaBean.set(String,int,Object)	org.apache.commons.beanutils2.WrapDynaBean.getPropertyUtils()
org.apache.commons.beanutils2.BaseDynaBeanMapDecorator.keySet()	org.apache.commons.beanutils2.DynaBean.getDynaClass()
org.apache.commons.beanutils2.locale.LocaleBeanUtilsBean.getDefaultLocale()	org.apache.commons.beanutils2.locale.LocaleConvertUtilsBean.getDefaultLocale()
org.apache.commons.beanutils2.PropsFirstPropertyUtilsBean.getPropertyOfMapBean(Map<?, ?>,String)	org.apache.commons.beanutils2.PropertyUtilsBean.getPropertyDescriptor(Object,String)
org.apache.commons.beanutils2.DynaProperty.toString()	org.apache.commons.beanutils2.DynaProperty.isIndexed()
org.apache.commons.beanutils2.converters.DateConverterTestBase.testConvertDate()	org.apache.commons.beanutils2.converters.AbstractConverter.convert(Class<T>,Object)
org.apache.commons.beanutils2.BeanificationTestCase.testContextClassloaderIndependence()	org.apache.commons.beanutils2.BeanificationTestCase.Signal.getSignal()
org.apache.commons.beanutils2.BeanPropertyValueChangeConsumerTestCase.testExecuteWithMappedProperty()	org.apache.commons.beanutils2.BeanPropertyValueChangeConsumer.accept(Object)
org.apache.commons.beanutils2.BeanUtilsTestCase.testCopyPropertiesDynaBean()	org.apache.commons.beanutils2.TestBean.getIntArray()
org.apache.commons.beanutils2.WrapDynaBean.getPropertyUtils()	org.apache.commons.beanutils2.WrapDynaClass.getPropertyUtilsBean()
org.apache.commons.beanutils2.BeanPropertyValueEqualsPredicateTestCase.testEvaluateWithBooleanProperty()	org.apache.commons.beanutils2.BeanPropertyValueEqualsPredicate.test(T)
org.apache.commons.beanutils2.PropertyUtilsTestCase.testCustomIntrospectionEx()	org.apache.commons.beanutils2.PropertyUtils.clearDescriptors()
org.apache.commons.beanutils2.WrapDynaBeanTestCase.testSerialization()	org.apache.commons.beanutils2.WrapDynaBean.set(String,Object)
org.apache.commons.beanutils2.BeanificationTestCase.TestIndependenceThread.run()	org.apache.commons.beanutils2.ConvertUtils.register(Converter,Class<?>)
org.apache.commons.beanutils2.converters.DateConverterTestBase.testLocale()	org.apache.commons.beanutils2.converters.DateConverterTestBase.toType(String,String,Locale)
org.apache.commons.beanutils2.LazyDynaListTestCase.dynaBeanTest(LazyDynaList,Class<?>,DynaClass,Object)	org.apache.commons.beanutils2.DynaClass.newInstance()
org.apache.commons.beanutils2.BeanUtils2TestCase.testSetPropertyConvertToStringArray()	org.apache.commons.beanutils2.BeanUtils.setProperty(Object,String,Object)
org.apache.commons.beanutils2.PropertyUtilsTestCase.testGetMappedPeriods()	org.apache.commons.beanutils2.TestBean.getMappedProperty(String)
org.apache.commons.beanutils2.BeanToPropertyValueTransformerTestCase.testTransformWithSimpleStringProperty()	org.apache.commons.beanutils2.BeanToPropertyValueTransformer.apply(T)
org.apache.commons.beanutils2.FluentPropertyBeanIntrospector.introspect(IntrospectionContext)	org.apache.commons.beanutils2.FluentPropertyBeanIntrospector.propertyName(Method)
org.apache.commons.beanutils2.LazyDynaList.get(int)	org.apache.commons.beanutils2.LazyDynaList.growList(int)
org.apache.commons.beanutils2.PropertyUtilsTestCase.testSetPublicSubBean_of_PackageBean()	org.apache.commons.beanutils2.PropertyUtils.setProperty(Object,String,Object)
org.apache.commons.beanutils2.DynaBeanUtilsTestCase.testCopyPropertyByte()	org.apache.commons.beanutils2.BeanUtils.setProperty(Object,String,Object)
org.apache.commons.beanutils2.BeanUtilsTestCase.testGetArrayProperty()	org.apache.commons.beanutils2.BeanUtils.getArrayProperty(Object,String)
org.apache.commons.beanutils2.DynaBeanUtilsTestCase.testPopulateNested()	org.apache.commons.beanutils2.TestBean.getLongProperty()
org.apache.commons.beanutils2.DynaResultSetTestCase.testIteratorResultsNormalCase()	org.apache.commons.beanutils2.ResultSetDynaClass.iterator()
org.apache.commons.beanutils2.BeanComparator.compare(T,T)	org.apache.commons.beanutils2.BeanComparator.internalCompare(Object,Object)
org.apache.commons.beanutils2.PropertyUtilsTestCase.testGetDescriptorMappedPeriods()	org.apache.commons.beanutils2.TestBean.getMappedObjects(String)
org.apache.commons.beanutils2.BeanMap.clear()	org.apache.commons.beanutils2.BeanUtils.initCause(Throwable,Throwable)
org.apache.commons.beanutils2.DynaPropertyUtilsTestCase.testGetSimpleFloat()	org.apache.commons.beanutils2.PropertyUtils.getSimpleProperty(Object,String)
org.apache.commons.beanutils2.PropertyUtilsBean.getProperty(Object,String)	org.apache.commons.beanutils2.PropertyUtilsBean.getNestedProperty(Object,String)
org.apache.commons.beanutils2.PropertyUtilsBean.isWriteable(Object,String)	org.apache.commons.beanutils2.expression.Resolver.next(String)
org.apache.commons.beanutils2.PropertyUtils.removeBeanIntrospector(BeanIntrospector)	org.apache.commons.beanutils2.PropertyUtilsBean.getInstance()
org.apache.commons.beanutils2.DefaultIntrospectionContextTestCase.testInit()	org.apache.commons.beanutils2.DefaultIntrospectionContext.getTargetClass()
org.apache.commons.beanutils2.RowSetDynaClass.copy(ResultSet)	org.apache.commons.beanutils2.DynaProperty.getName()
org.apache.commons.beanutils2.converters.DateConverterTestBase.testMultiplePatterns()	org.apache.commons.beanutils2.converters.DateConverterTestBase.makeConverter()
org.apache.commons.beanutils2.converters.NumberConverterTestBase.testStringToNumberDefault()	org.apache.commons.beanutils2.converters.NumberConverterTestBase.makeConverter()
org.apache.commons.beanutils2.BasicDynaBeanTestCase.testGetDescriptors()	org.apache.commons.beanutils2.DynaProperty.getName()
org.apache.commons.beanutils2.converters.StringConverter.convertToType(Class<T>,Object)	org.apache.commons.beanutils2.converters.AbstractConverter.conversionException(Class<?>,Object)
org.apache.commons.beanutils2.LazyDynaMap.getDynaProperty(String)	org.apache.commons.beanutils2.LazyDynaMap.isReturnNull()
org.apache.commons.beanutils2.BeanUtilsBenchCase.setUp()	org.apache.commons.beanutils2.BenchBean.getShortProperty()
org.apache.commons.beanutils2.converters.DateConverterTestBase.testLocale()	org.apache.commons.beanutils2.converters.DateTimeConverter.setUseLocaleFormat(boolean)
org.apache.commons.beanutils2.DefaultIntrospectionContextTestCase.testAddPropertyDescriptor()	org.apache.commons.beanutils2.DefaultIntrospectionContext.hasProperty(String)
org.apache.commons.beanutils2.DynaPropertyUtilsTestCase.testGetIndexedArguments()	org.apache.commons.beanutils2.PropertyUtils.getIndexedProperty(Object,String)
org.apache.commons.beanutils2.BeanComparatorTestCase.testSetProperty()	org.apache.commons.beanutils2.BeanComparator.compare(T,T)
org.apache.commons.beanutils2.converters.DateConverterTestBase.testStringConversion()	org.apache.commons.beanutils2.converters.DateConverterTestBase.toSqlTime(Calendar)
org.apache.commons.beanutils2.LazyDynaListTestCase.testNullType()	org.apache.commons.beanutils2.LazyDynaList.add(Object)
org.apache.commons.beanutils2.bugs.Jira61TestCase.testIssue_BEANUTILS_61_PropertyUtils_getProperty_Mapped()	org.apache.commons.beanutils2.PropertyUtils.getProperty(Object,String)
org.apache.commons.beanutils2.bugs.Jira465TestCase.testArrayProperty()	org.apache.commons.beanutils2.bugs.Jira465TestCase.changeValue(Object)
org.apache.commons.beanutils2.converters.ArrayConverter.parseElements(Class<?>,String)	org.apache.commons.beanutils2.converters.AbstractConverter.toString(Class<?>)
org.apache.commons.beanutils2.BeanUtils2TestCase.testSetPropertyConvertToStringIndexed()	org.apache.commons.beanutils2.TestBean.getStringArray()
org.apache.commons.beanutils2.LazyDynaMapTestCase.testMappedInvalidType()	org.apache.commons.beanutils2.DynaProperty.isMapped()
org.apache.commons.beanutils2.PropertyUtilsTestCase.testNestedPropertyKeyOrIndexOnBeanImplementingMap()	org.apache.commons.beanutils2.PropertyUtils.getNestedProperty(Object,String)
org.apache.commons.beanutils2.locale.LocaleConvertUtils.convert(Object)	org.apache.commons.beanutils2.locale.LocaleConvertUtilsBean.getInstance()
org.apache.commons.beanutils2.bugs.Jira18TestCase.testIssue_BEANUTILS_18_PropertyUtils_isReadable_Indexed()	org.apache.commons.beanutils2.PropertyUtils.isReadable(Object,String)
org.apache.commons.beanutils2.PropertyUtilsBean.getPropertyEditorClass(Object,String)	org.apache.commons.beanutils2.PropertyUtilsBean.getPropertyDescriptor(Object,String)
org.apache.commons.beanutils2.locale.LocaleBeanUtils.definePropertyType(Object,String,String)	org.apache.commons.beanutils2.locale.LocaleBeanUtilsBean.definePropertyType(Object,String,String)
org.apache.commons.beanutils2.LazyDynaMapTestCase.testIndexedPrimitiveArray()	org.apache.commons.beanutils2.LazyDynaBean.set(String,int,Object)
org.apache.commons.beanutils2.DynaBeanUtilsTestCase.testDescribe()	org.apache.commons.beanutils2.PropertyUtils.describe(Object)
org.apache.commons.beanutils2.PropertyUtilsTestCase.testCustomIntrospection()	org.apache.commons.beanutils2.PropertyUtils.getPropertyDescriptors(Class<?>)
org.apache.commons.beanutils2.BeanificationTestCase.GetBeanUtilsBeanThread.run()	org.apache.commons.beanutils2.BeanificationTestCase.Signal.setSignal(int)
org.apache.commons.beanutils2.BeanUtilsBean.getIndexedProperty(Object,String)	org.apache.commons.beanutils2.ConvertUtilsBean.convert(Object)
org.apache.commons.beanutils2.converters.PeriodConverter.convertToType(Class<T>,Object)	org.apache.commons.beanutils2.converters.AbstractConverter.conversionException(Class<?>,Object)
org.apache.commons.beanutils2.converters.DateConverterTestBase.testInvalidType()	org.apache.commons.beanutils2.converters.DateConverterTestBase.makeConverter()
org.apache.commons.beanutils2.LazyDynaBean.get(String)	org.apache.commons.beanutils2.DynaProperty.getType()
org.apache.commons.beanutils2.converters.NumberConverter.convertToType(Class<T>,Object)	org.apache.commons.beanutils2.converters.NumberConverter.getFormat()
org.apache.commons.beanutils2.PropertyUtilsTestCase.testNestedWithIndex()	org.apache.commons.beanutils2.NestedTestBean.getIndexedProperty(int)
org.apache.commons.beanutils2.converters.DateConverterTestBase.testConvertDate()	org.apache.commons.beanutils2.converters.DateConverterTestBase.makeConverter()
org.apache.commons.beanutils2.LazyDynaBeanTestCase.testIndexedLinkedList()	org.apache.commons.beanutils2.DynaProperty.getType()
org.apache.commons.beanutils2.ConstructorUtilsTestCase.testInvokeExactConstructorWithTypeArray()	org.apache.commons.beanutils2.ConstructorUtils.invokeExactConstructor(Class<T>,Object[],Class<?>)
org.apache.commons.beanutils2.DynaBeanMapDecoratorTestCase.testPut()	org.apache.commons.beanutils2.DynaProperty.getName()
org.apache.commons.beanutils2.BaseDynaBeanMapDecorator.keySet()	org.apache.commons.beanutils2.BaseDynaBeanMapDecorator.convertKey(String)
org.apache.commons.beanutils2.ConvertUtils.convert(Object)	org.apache.commons.beanutils2.ConvertUtilsBean.getInstance()
org.apache.commons.beanutils2.BeanUtilsBean.getNestedProperty(Object,String)	org.apache.commons.beanutils2.BeanUtilsBean.getPropertyUtils()
org.apache.commons.beanutils2.bugs.Jira273TestCase.testIssue_BEANUTILS_273_PrivatePrivatePublicOverridden()	org.apache.commons.beanutils2.bugs.other.Jira273BeanFactory.createPrivatePrivatePublicOverridden()
org.apache.commons.beanutils2.converters.DateConverterTestBase.validConversion(Converter,Object,Object)	org.apache.commons.beanutils2.converters.DateConverterTestBase.getExpectedType()
org.apache.commons.beanutils2.bugs.Jira359TestCase.testBeanUtilsSetProperty_CustomConvertStringToArray_WithColonValue()	org.apache.commons.beanutils2.bugs.Jira359TestCase.showArray(String,String[])
org.apache.commons.beanutils2.PropertyUtilsTestCase.tearDown()	org.apache.commons.beanutils2.PropertyUtils.resetBeanIntrospectors()
org.apache.commons.beanutils2.BeanMapTestCase.makeFullMap()	org.apache.commons.beanutils2.BeanMapTestCase.BeanWithProperties.setSomeDoubleValue(double)
org.apache.commons.beanutils2.BeanPropertyValueEqualsPredicateTestCase.testEvaluateWithMappedProperty()	org.apache.commons.beanutils2.BeanPropertyValueEqualsPredicate.test(T)
org.apache.commons.beanutils2.BasicDynaBeanTestCase.testSetIndexedValues()	org.apache.commons.beanutils2.DynaBean.set(String,int,Object)
org.apache.commons.beanutils2.locale.LocaleConvertUtils.lookup(Class<?>,Locale)	org.apache.commons.beanutils2.locale.LocaleConvertUtilsBean.getInstance()
org.apache.commons.beanutils2.ResultSetIterator.get(String)	org.apache.commons.beanutils2.JDBCDynaClass.getDynaProperty(String)
org.apache.commons.beanutils2.converters.DateConverterTestBase.testPatternNoDefault()	org.apache.commons.beanutils2.converters.DateConverterTestBase.makeConverter()
org.apache.commons.beanutils2.converters.ArrayConverterTestCase.testInvalidWithDefault()	org.apache.commons.beanutils2.converters.AbstractConverter.convert(Class<T>,Object)
org.apache.commons.beanutils2.LazyDynaListTestCase.findStringProperty(DynaClass)	org.apache.commons.beanutils2.DynaProperty.getName()
org.apache.commons.beanutils2.DynaPropertyUtilsTestCase.testGetSimpleLong()	org.apache.commons.beanutils2.PropertyUtils.getSimpleProperty(Object,String)
org.apache.commons.beanutils2.converters.DateTimeConverter.convertToString(Object)	org.apache.commons.beanutils2.converters.AbstractConverter.log()
org.apache.commons.beanutils2.PropertyUtilsBean.isReadable(Object,String)	org.apache.commons.beanutils2.WrapDynaBean.getInstance()
org.apache.commons.beanutils2.ConvertUtilsBean.register(Converter,Class<?>)	org.apache.commons.beanutils2.WeakFastHashMap.put(K,V)
org.apache.commons.beanutils2.DynaPropertyUtilsTestCase.testGetIndexedArguments()	org.apache.commons.beanutils2.PropertyUtils.getIndexedProperty(Object,String,int)
org.apache.commons.beanutils2.PropertyUtilsTestCase.testSetMappedArray()	org.apache.commons.beanutils2.TestBean.getMapProperty()
org.apache.commons.beanutils2.PropertyUtilsTestCase.testGetSimpleLong()	org.apache.commons.beanutils2.PropertyUtils.getSimpleProperty(Object,String)
org.apache.commons.beanutils2.PropertyUtilsBean.setNestedProperty(Object,String,Object)	org.apache.commons.beanutils2.PropertyUtilsBean.setIndexedProperty(Object,String,Object)
org.apache.commons.beanutils2.BeanUtilsBean.setProperty(Object,String,Object)	org.apache.commons.beanutils2.PropertyUtilsBean.setProperty(Object,String,Object)
org.apache.commons.beanutils2.bugs.Jira61TestCase.testIssue_BEANUTILS_61_PropertyUtils_getProperty()	org.apache.commons.beanutils2.PropertyUtils.getProperty(Object,String)
org.apache.commons.beanutils2.BeanMap.createWriteMethodArguments(Method,Object)	org.apache.commons.beanutils2.BeanMap.convertType(Class<?>,Object)
org.apache.commons.beanutils2.PropertyUtilsBean.getMappedProperty(Object,String,String)	org.apache.commons.beanutils2.DynaBean.get(String,String)
org.apache.commons.beanutils2.DynaBeanUtilsTestCase.testPopulateNested()	org.apache.commons.beanutils2.TestBean.getIntProperty()
org.apache.commons.beanutils2.BeanUtilsBean.convertForCopy(Object,Class<?>)	org.apache.commons.beanutils2.BeanUtilsBean.convert(Object,Class<?>)
org.apache.commons.beanutils2.PropertyUtilsTestCase.testSetSimpleString()	org.apache.commons.beanutils2.TestBean.getStringProperty()
org.apache.commons.beanutils2.ConstructorUtilsTestCase.testInvokeExactConstructorWithTypeArray()	org.apache.commons.beanutils2.TestBean.getBooleanProperty()
org.apache.commons.beanutils2.PropertyUtilsTestCase.testSetMappedMap()	org.apache.commons.beanutils2.PropertyUtils.setProperty(Object,String,Object)
org.apache.commons.beanutils2.locale.LocaleBeanificationTestCase.testContextClassLoaderLocal()	org.apache.commons.beanutils2.ContextClassLoaderLocal.set(T)
org.apache.commons.beanutils2.memoryleaktests.MemoryLeakTestCase.testWrapDynaClass_dynaClasses_memoryLeak()	org.apache.commons.beanutils2.memoryleaktests.MemoryLeakTestCase.forceGarbageCollection()
org.apache.commons.beanutils2.LazyDynaListTestCase.testToArrayOtherType()	org.apache.commons.beanutils2.LazyDynaList.toArray(T[])
org.apache.commons.beanutils2.PropertyUtilsTestCase.testGetMappedArray()	org.apache.commons.beanutils2.TestBean.getMapProperty()
org.apache.commons.beanutils2.converters.NumberConverter.setLocale(Locale)	org.apache.commons.beanutils2.converters.NumberConverter.setUseLocaleFormat(boolean)
org.apache.commons.beanutils2.LazyDynaBean.set(String,Object)	org.apache.commons.beanutils2.DynaClass.getDynaProperty(String)
org.apache.commons.beanutils2.BeanUtilsTestCase.testGetNestedProperty()	org.apache.commons.beanutils2.TestBean.getNested()
org.apache.commons.beanutils2.locale.LocaleConvertUtils.deregister()	org.apache.commons.beanutils2.locale.LocaleConvertUtilsBean.deregister()
org.apache.commons.beanutils2.PropertyUtilsTestCase.testCustomIntrospectionEx()	org.apache.commons.beanutils2.PropertyUtilsTestCase.findNameDescriptor(PropertyDescriptor[])
org.apache.commons.beanutils2.BaseDynaBeanMapDecorator.keySet()	org.apache.commons.beanutils2.BaseDynaBeanMapDecorator.getDynaProperties()
org.apache.commons.beanutils2.ResultSetIterator.set(String,Object)	org.apache.commons.beanutils2.ResultSetDynaClass.getResultSet()
org.apache.commons.beanutils2.PropertyUtilsTestCase.testSetIndexedArray()	org.apache.commons.beanutils2.TestBean.getString2dArray(int)
org.apache.commons.beanutils2.FluentPropertyBeanIntrospector.introspect(IntrospectionContext)	org.apache.commons.beanutils2.IntrospectionContext.getPropertyDescriptor(String)
org.apache.commons.beanutils2.PropertyUtilsTestCase.testSetSimpleLong()	org.apache.commons.beanutils2.PropertyUtils.setSimpleProperty(Object,String,Object)
org.apache.commons.beanutils2.LazyDynaMapTestCase.testMappedPropertyRestricted()	org.apache.commons.beanutils2.LazyDynaBean.set(String,String,Object)
org.apache.commons.beanutils2.DynaPropertyUtilsTestCase.testGetSimpleShort()	org.apache.commons.beanutils2.PropertyUtils.getSimpleProperty(Object,String)
org.apache.commons.beanutils2.memoryleaktests.MemoryLeakTestCase.testWrapDynaClass_dynaClasses_memoryLeak()	org.apache.commons.beanutils2.memoryleaktests.MemoryLeakTestCase.newClassLoader()
org.apache.commons.beanutils2.BeanUtilsBean.copyProperty(Object,String,Object)	org.apache.commons.beanutils2.PropertyUtilsBean.getProperty(Object,String)
org.apache.commons.beanutils2.BasicDynaBean.set(String,Object)	org.apache.commons.beanutils2.BasicDynaBean.isAssignable(Class<?>,Class<?>)
org.apache.commons.beanutils2.locale.LocaleBeanificationTestCase.testBeanUtilsBeanSetInstance()	org.apache.commons.beanutils2.locale.LocaleBeanUtilsBean.getLocaleBeanUtilsInstance()
org.apache.commons.beanutils2.BasicDynaBeanTestCase.testSetIndexedValues()	org.apache.commons.beanutils2.DynaBean.get(String,int)
org.apache.commons.beanutils2.ConvertUtilsBean.registerPrimitives(boolean)	org.apache.commons.beanutils2.ConvertUtilsBean.register(Class<?>,Converter)
org.apache.commons.beanutils2.PropertyUtilsTestCase.testSetNestedShort()	org.apache.commons.beanutils2.TestBean.getShortProperty()
org.apache.commons.beanutils2.MappedPropertyTestCase.testInvalidSetter()	org.apache.commons.beanutils2.MappedPropertyDescriptor.getMappedWriteMethod()
org.apache.commons.beanutils2.BasicDynaBeanTestCase.testSerialization()	org.apache.commons.beanutils2.BasicDynaBeanTestCase.testMappedRemove()
org.apache.commons.beanutils2.BeanUtilsTestCase.testCopyPropertiesStandard()	org.apache.commons.beanutils2.BeanUtils.copyProperties(Object,Object)
org.apache.commons.beanutils2.ConstructorUtilsTestCase.testGetAccessibleConstructor()	org.apache.commons.beanutils2.ConstructorUtils.getAccessibleConstructor(Class<T>,Class<?>)
org.apache.commons.beanutils2.bugs.Jira298TestCase.testIssue_BEANUTILS_298_PropertyUtils_getProperty()	org.apache.commons.beanutils2.PropertyUtils.getProperty(Object,String)
org.apache.commons.beanutils2.converters.DateConverterTestBase.testInvalidType()	org.apache.commons.beanutils2.converters.AbstractConverter.convert(Class<T>,Object)
org.apache.commons.beanutils2.BaseDynaBeanMapDecorator.values()	org.apache.commons.beanutils2.DynaBean.get(String)
org.apache.commons.beanutils2.bugs.Jira157TestCase.main(String[])	org.apache.commons.beanutils2.bugs.Jira157TestCase.suite()
org.apache.commons.beanutils2.LazyDynaListTestCase.testCollection(LazyDynaList,Class<?>,DynaClass,Object)	org.apache.commons.beanutils2.LazyDynaList.toDynaBeanArray()
org.apache.commons.beanutils2.PropertyUtilsTestCase.testSetPublicSubBean_of_PackageBean()	org.apache.commons.beanutils2.priv.PackageBean.getBar()
org.apache.commons.beanutils2.expression.DefaultResolverTestCase.testRemove()	org.apache.commons.beanutils2.expression.DefaultResolver.remove(String)
org.apache.commons.beanutils2.BaseDynaBeanMapDecorator.putAll(Map<? extends K, Object>)	org.apache.commons.beanutils2.BaseDynaBeanMapDecorator.isReadOnly()
org.apache.commons.beanutils2.DynaRowSetTestCase.testListResultsNormalCase()	org.apache.commons.beanutils2.RowSetDynaClass.getRows()
org.apache.commons.beanutils2.locale.converters.ShortLocaleConverter.parse(Object,String)	org.apache.commons.beanutils2.locale.converters.DecimalLocaleConverter.parse(Object,String)
org.apache.commons.beanutils2.DynaPropertyUtilsTestCase.testSetMappedValues()	org.apache.commons.beanutils2.PropertyUtils.setMappedProperty(Object,String,String,Object)
org.apache.commons.beanutils2.PropertyUtilsTestCase.testGetSimpleIndexed()	org.apache.commons.beanutils2.PropertyUtils.getSimpleProperty(Object,String)
org.apache.commons.beanutils2.LazyDynaMapTestCase.testIndexedPropertyDefault()	org.apache.commons.beanutils2.LazyDynaBean.set(String,int,Object)
org.apache.commons.beanutils2.PropertyUtilsTestCase.testCopyPropertiesMap()	org.apache.commons.beanutils2.PropertyUtils.copyProperties(Object,Object)
org.apache.commons.beanutils2.BeanUtilsBean.getArrayProperty(Object,String)	org.apache.commons.beanutils2.ConvertUtilsBean.convert(Object)
org.apache.commons.beanutils2.BeanMapTestCase.testGetTypeTransformerMethod()	org.apache.commons.beanutils2.BeanMap.getTypeTransformer(Class<?>)
org.apache.commons.beanutils2.bugs.Jira61TestCase.testIssue_BEANUTILS_61_PropertyUtils_copyProperties_from_WrapDynaBean()	org.apache.commons.beanutils2.bugs.other.Jira61BeanFactory.TestBean.setSimpleWriteOnly(String)
org.apache.commons.beanutils2.BasicDynaBeanTestCase.testMappedContains()	org.apache.commons.beanutils2.DynaBean.contains(String,String)
org.apache.commons.beanutils2.WrapDynaBean.getDynaClass()	org.apache.commons.beanutils2.WrapDynaClass.createDynaClass(Class<?>)
org.apache.commons.beanutils2.bugs.Jira298TestCase.testIssue_BEANUTILS_298_PropertyUtils_getProperty()	org.apache.commons.beanutils2.bugs.other.Jira298BeanFactory.createImplX()
org.apache.commons.beanutils2.PropertyUtils.getPropertyDescriptors(Object)	org.apache.commons.beanutils2.PropertyUtilsBean.getPropertyDescriptors(Object)
org.apache.commons.beanutils2.BeanificationTestCase.testContextClassloaderIndependence()	org.apache.commons.beanutils2.BeanificationTestCase.Signal.setException(Exception)
org.apache.commons.beanutils2.PropertyUtilsTestCase.testSetNestedString()	org.apache.commons.beanutils2.TestBean.getStringProperty()
org.apache.commons.beanutils2.BasicDynaBeanTestCase.setUp()	org.apache.commons.beanutils2.DynaBean.set(String,Object)
org.apache.commons.beanutils2.PropertyUtilsTestCase.testGetSimpleLong()	org.apache.commons.beanutils2.TestBean.getLongProperty()
org.apache.commons.beanutils2.PropertyUtilsBean.setMappedProperty(Object,String,Object)	org.apache.commons.beanutils2.PropertyUtilsBean.setMappedProperty(Object,String,String,Object)
org.apache.commons.beanutils2.LazyDynaMapTestCase.testIndexedDynaBeanArray()	org.apache.commons.beanutils2.LazyDynaMap.getDynaProperty(String)
org.apache.commons.beanutils2.locale.LocaleBeanificationTestCase.TestIndependenceThread.run()	org.apache.commons.beanutils2.locale.LocaleConvertUtils.register(LocaleConverter,Class<?>,Locale)
org.apache.commons.beanutils2.PropertyUtilsTestCase.testCustomIntrospectionEx()	org.apache.commons.beanutils2.PropertyUtils.removeBeanIntrospector(BeanIntrospector)
org.apache.commons.beanutils2.LazyDynaListTestCase.testToArrayMapType()	org.apache.commons.beanutils2.LazyDynaList.add(Object)
org.apache.commons.beanutils2.MethodUtilsTestCase.testParentMethod()	org.apache.commons.beanutils2.MethodUtils.invokeMethod(Object,String,Object)
org.apache.commons.beanutils2.BeanUtilsTestCase.testCopyPropertyNestedSimple()	org.apache.commons.beanutils2.TestBean.getNested()
org.apache.commons.beanutils2.BeanPropertyValueEqualsPredicateTestCase.testEvaluateWithSimpleStringProperty()	org.apache.commons.beanutils2.BeanPropertyValueEqualsPredicate.test(T)
org.apache.commons.beanutils2.LazyDynaMapTestCase.testIndexedPropertyDefault()	org.apache.commons.beanutils2.LazyDynaMap.getDynaProperty(String)
org.apache.commons.beanutils2.bugs.Jira458TestCase.testConversionWithNullDefaultEmptyString()	org.apache.commons.beanutils2.bugs.Jira458TestCase.checkConversionWithNullDefault(String)
org.apache.commons.beanutils2.BeanPropertyValueEqualsPredicateTestCase.testEvaluateWithInvalidPropertyName()	org.apache.commons.beanutils2.BeanPropertyValueEqualsPredicate.test(T)
org.apache.commons.beanutils2.DynaRowSetTestCase.testInconsistentOracleDriver()	org.apache.commons.beanutils2.RowSetDynaClass.getRows()
org.apache.commons.beanutils2.BeanUtilsBean.getSimpleProperty(Object,String)	org.apache.commons.beanutils2.BeanUtilsBean.getPropertyUtils()
org.apache.commons.beanutils2.LazyDynaBeanTestCase.testIndexedObjectArray()	org.apache.commons.beanutils2.LazyDynaBean.get(String,int)
org.apache.commons.beanutils2.BeanPropertyValueChangeConsumerTestCase.testExecuteWithSimpleStringProperty()	org.apache.commons.beanutils2.BeanPropertyValueChangeConsumer.accept(Object)
org.apache.commons.beanutils2.PropertyUtilsTestCase.testSetNestedArguments()	org.apache.commons.beanutils2.PropertyUtils.setNestedProperty(Object,String,Object)
org.apache.commons.beanutils2.LazyDynaMapTestCase.testSimpleProperty()	org.apache.commons.beanutils2.DynaProperty.getType()
org.apache.commons.beanutils2.locale.LocaleConvertUtilsTestCase.setUp()	org.apache.commons.beanutils2.locale.LocaleConvertUtils.deregister()
org.apache.commons.beanutils2.locale.LocaleBeanUtilsBean.getNestedProperty(Object,String)	org.apache.commons.beanutils2.locale.LocaleBeanUtilsBean.getNestedProperty(Object,String,String)
org.apache.commons.beanutils2.BeanificationTestCase.setUp()	org.apache.commons.beanutils2.ConvertUtils.deregister()
org.apache.commons.beanutils2.bugs.Jira61TestCase.testIssue_BEANUTILS_61_BeanUtils_copyProperties_from_WrapDynaBean()	org.apache.commons.beanutils2.bugs.other.Jira61BeanFactory.TestBean.setSimpleWriteOnly(String)
org.apache.commons.beanutils2.PropertyUtilsTestCase.testGetNestedShort()	org.apache.commons.beanutils2.TestBean.getShortProperty()
org.apache.commons.beanutils2.SuppressPropertiesBeanIntrospectorTestCase.testRemovePropertiesDuringIntrospection()	org.apache.commons.beanutils2.SuppressPropertiesBeanIntrospectorTestCase.IntrospectionContextTestImpl.getRemovedProperties()
org.apache.commons.beanutils2.PropertyUtilsTestCase.setUp()	org.apache.commons.beanutils2.PropertyUtils.clearDescriptors()
org.apache.commons.beanutils2.PropertyUtilsTestCase.testGetSetInnerBean()	org.apache.commons.beanutils2.BeanWithInnerBean.getInnerBean()
org.apache.commons.beanutils2.BeanMap.containsKey(Object)	org.apache.commons.beanutils2.BeanMap.getReadMethod(Object)
org.apache.commons.beanutils2.DynaBeanUtilsTestCase.testGetIndexedProperty2()	org.apache.commons.beanutils2.DynaBean.get(String,int)
org.apache.commons.beanutils2.ResultSetIterator.get(String)	org.apache.commons.beanutils2.ResultSetDynaClass.getObjectFromResultSet(String)
org.apache.commons.beanutils2.locale.LocaleBeanUtilsBean.invokeSetter(Object,String,String,int,Object)	org.apache.commons.beanutils2.BeanUtilsBean.getPropertyUtils()
org.apache.commons.beanutils2.PropertyUtilsTestCase.testSetNestedReadOnly()	org.apache.commons.beanutils2.TestBean.getWriteOnlyPropertyValue()
org.apache.commons.beanutils2.WeakFastHashMap.putAll(Map<? extends K, ? extends V>)	org.apache.commons.beanutils2.WeakFastHashMap.cloneMap(Map<? extends K, ? extends V>)
org.apache.commons.beanutils2.BeanUtils2TestCase.testSetPropertyConvertToStringIndexed()	org.apache.commons.beanutils2.BeanUtils.setProperty(Object,String,Object)
org.apache.commons.beanutils2.DynaPropertyUtilsTestCase.testSetSimpleString()	org.apache.commons.beanutils2.DynaBean.get(String)
org.apache.commons.beanutils2.DefaultIntrospectionContextTestCase.testAddPropertyDescriptor()	org.apache.commons.beanutils2.DefaultIntrospectionContextTestCase.createDescriptor(String)
org.apache.commons.beanutils2.converters.AbstractConverter.handleError(Class<T>,Object,Throwable)	org.apache.commons.beanutils2.converters.AbstractConverter.handleMissing(Class<T>)
org.apache.commons.beanutils2.IndexedPropertyTestCase.testSetListItemB()	org.apache.commons.beanutils2.IndexedTestBean.getStringList(int)
org.apache.commons.beanutils2.BeanUtilsBean.getNestedProperty(Object,String)	org.apache.commons.beanutils2.ConvertUtilsBean.convert(Object)
org.apache.commons.beanutils2.LazyDynaBean.set(String,int,Object)	org.apache.commons.beanutils2.DynaProperty.isIndexed()
org.apache.commons.beanutils2.BeanToPropertyValueTransformerTestCase.testTransformWithNestedIndexedProperty()	org.apache.commons.beanutils2.TestBean.setAnotherNested(TestBean)
org.apache.commons.beanutils2.LazyDynaBeanTestCase.testMappedPropertyRestricted()	org.apache.commons.beanutils2.LazyDynaClass.setRestricted(boolean)
org.apache.commons.beanutils2.locale.LocaleBeanUtilsBean.definePropertyType(Object,String,String)	org.apache.commons.beanutils2.DynaProperty.getType()
org.apache.commons.beanutils2.converters.MemoryTestCase.testComponentRegistersStandardConverter()	org.apache.commons.beanutils2.ConvertUtils.lookup(Class<?>)
org.apache.commons.beanutils2.locale.converters.BigIntegerLocaleConverterTestCase.setUp()	org.apache.commons.beanutils2.locale.converters.BaseLocaleConverterTestCase.setUp()
org.apache.commons.beanutils2.BeanUtilsBean.dynaPropertyType(DynaProperty,Object)	org.apache.commons.beanutils2.DynaProperty.isMapped()
org.apache.commons.beanutils2.IndexedPropertyTestCase.testArrayListIndexedPropertyDescriptor()	org.apache.commons.beanutils2.PropertyUtilsBean.getPropertyDescriptor(Object,String)
org.apache.commons.beanutils2.BeanUtilsBean.setProperty(Object,String,Object)	org.apache.commons.beanutils2.BeanUtilsBean.convert(Object,Class<?>)
org.apache.commons.beanutils2.BeanUtilsTestCase.setUp()	org.apache.commons.beanutils2.ConvertUtils.deregister()
org.apache.commons.beanutils2.DynaBeanUtilsTestCase.testPopulateScalar()	org.apache.commons.beanutils2.DynaBean.get(String)
org.apache.commons.beanutils2.DynaPropertyUtilsTestCase.testGetMappedValues()	org.apache.commons.beanutils2.PropertyUtils.getNestedProperty(Object,String)
org.apache.commons.beanutils2.WrapDynaBeanTestCase.testIndexedProperties()	org.apache.commons.beanutils2.DynaBean.set(String,int,Object)
org.apache.commons.beanutils2.PropertyUtilsBean.setIndexedProperty(Object,String,int,Object)	org.apache.commons.beanutils2.PropertyUtilsBean.invokeMethod(Method,Object,Object[])
org.apache.commons.beanutils2.PropertyUtilsTestCase.testSetNestedBoolean()	org.apache.commons.beanutils2.TestBean.getBooleanProperty()
org.apache.commons.beanutils2.BeanPropertyValueChangeConsumerTestCase.testExecuteWithSimpleDoublePropertyAndFloatValue()	org.apache.commons.beanutils2.TestBean.getDoubleProperty()
org.apache.commons.beanutils2.BeanPropertyValueEqualsPredicateTestCase.testEvaluateWithNullInPathAndIgnoreTrue()	org.apache.commons.beanutils2.BeanPropertyValueEqualsPredicate.test(T)
org.apache.commons.beanutils2.converters.LongConverterTestCase.testSimpleConversion()	org.apache.commons.beanutils2.Converter.convert(Class<T>,Object)
org.apache.commons.beanutils2.converters.DateConverterTestBase.testConvertNull()	org.apache.commons.beanutils2.converters.DateConverterTestBase.makeConverter()
org.apache.commons.beanutils2.PropertyUtilsBean.setMappedProperty(Object,String,String,Object)	org.apache.commons.beanutils2.DynaBean.set(String,String,Object)
org.apache.commons.beanutils2.DynaPropertyUtilsTestCase.testGetMappedArguments()	org.apache.commons.beanutils2.PropertyUtils.getMappedProperty(Object,String)
org.apache.commons.beanutils2.PropertyUtilsBean.isReadable(Object,String)	org.apache.commons.beanutils2.PropertyUtilsBean.getReadMethod(Class<?>,PropertyDescriptor)
org.apache.commons.beanutils2.BeanMapTestCase.testExceptionThrowFromClear()	org.apache.commons.beanutils2.BeanUtilsTestCase.isPre14JVM()
org.apache.commons.beanutils2.BeanificationTestCase.GetBeanUtilsBeanThread.run()	org.apache.commons.beanutils2.BeanificationTestCase.Signal.setPropertyUtils(PropertyUtilsBean)
org.apache.commons.beanutils2.LazyDynaBean.get(String,String)	org.apache.commons.beanutils2.DynaClass.getDynaProperty(String)
org.apache.commons.beanutils2.JDBCDynaClass.createDynaProperty(ResultSetMetaData,int)	org.apache.commons.beanutils2.JDBCDynaClass.loadClass(String)
org.apache.commons.beanutils2.DynaPropertyUtilsTestCase.testGetSimpleString()	org.apache.commons.beanutils2.PropertyUtils.getSimpleProperty(Object,String)
org.apache.commons.beanutils2.WrapDynaBean.get(String)	org.apache.commons.beanutils2.PropertyUtilsBean.getSimpleProperty(Object,String)
org.apache.commons.beanutils2.BeanMap.put(String,Object)	org.apache.commons.beanutils2.BeanMap.getWriteMethod(String)
org.apache.commons.beanutils2.bugs.Jira369TestCase.testBeanUtilsGetProperty_ARatedCd()	org.apache.commons.beanutils2.bugs.Jira369TestCase.TestBean.setARatedCd(String)
org.apache.commons.beanutils2.locale.converters.FloatLocaleConverterTestCase.testFloatLimits()	org.apache.commons.beanutils2.locale.BaseLocaleConverter.convert(Object)
org.apache.commons.beanutils2.LazyDynaBean.isDynaProperty(String)	org.apache.commons.beanutils2.DynaClass.getDynaProperty(String)
org.apache.commons.beanutils2.MethodUtils.getAccessibleMethod(Class<?>,Method)	org.apache.commons.beanutils2.MethodUtils.setMethodAccessible(Method)
org.apache.commons.beanutils2.BeanUtilsTestCase.testPopulateNested()	org.apache.commons.beanutils2.TestBean.getBooleanProperty()
org.apache.commons.beanutils2.LazyDynaClassTestCase.testGetPropertyDoesntExist1()	org.apache.commons.beanutils2.DynaProperty.getName()
org.apache.commons.beanutils2.DynaPropertyUtilsTestCase.testGetNestedFloat()	org.apache.commons.beanutils2.PropertyUtils.getNestedProperty(Object,String)
org.apache.commons.beanutils2.LazyDynaClassTestCase.testAddProperty1()	org.apache.commons.beanutils2.LazyDynaClass.add(String)
org.apache.commons.beanutils2.locale.LocaleBeanUtils.getMappedPropertyLocale(Object,String,String)	org.apache.commons.beanutils2.locale.LocaleBeanUtilsBean.getMappedPropertyLocale(Object,String,String)
org.apache.commons.beanutils2.MethodUtilsTestCase.testInvokeMethodPrimitiveBoolean()	org.apache.commons.beanutils2.PrimitiveBean.getBoolean()
org.apache.commons.beanutils2.converters.DateTimeConverter.parse(Class<?>,Class<?>,String,DateFormat)	org.apache.commons.beanutils2.converters.AbstractConverter.toString(Class<?>)
org.apache.commons.beanutils2.ConvertUtils.convert(String,Class<?>)	org.apache.commons.beanutils2.ConvertUtilsBean.convert(String,Class<?>)
org.apache.commons.beanutils2.MethodUtils.invokeExactMethod(Object,String,Object)	org.apache.commons.beanutils2.MethodUtils.invokeExactMethod(Object,String,Object[])
org.apache.commons.beanutils2.PropertyUtils.getPropertyDescriptors(Class<?>)	org.apache.commons.beanutils2.PropertyUtilsBean.getPropertyDescriptors(Class<?>)
org.apache.commons.beanutils2.converters.NumberConverterTestBase.testInvalidException()	org.apache.commons.beanutils2.converters.NumberConverterTestBase.makeConverter()
org.apache.commons.beanutils2.MethodUtils.getMatchingAccessibleMethod(Class<?>,String,Class<?>)	org.apache.commons.beanutils2.MethodUtils.cacheMethod(MethodDescriptor,Method)
org.apache.commons.beanutils2.BeanMapTestCase.testBeanMapClone()	org.apache.commons.beanutils2.BeanMap.containsKey(Object)
org.apache.commons.beanutils2.LazyDynaClassTestCase.testGetPropertyDoesntExist1()	org.apache.commons.beanutils2.LazyDynaClass.isReturnNull()
org.apache.commons.beanutils2.BeanToPropertyValueTransformerTestCase.testTransformWithNullInPathAndIgnoreTrue()	org.apache.commons.beanutils2.BeanToPropertyValueTransformer.apply(T)
org.apache.commons.beanutils2.LazyDynaListTestCase.dynaBeanTest(LazyDynaList,Class<?>,DynaClass,Object)	org.apache.commons.beanutils2.LazyDynaList.add(int,Object)
org.apache.commons.beanutils2.bugs.Jira357TestCase.main(String[])	org.apache.commons.beanutils2.bugs.Jira357TestCase.suite()
org.apache.commons.beanutils2.locale.LocaleBeanificationTestCase.testContextClassLoaderUnset()	org.apache.commons.beanutils2.ContextClassLoaderLocal.get()
org.apache.commons.beanutils2.PropertyUtilsBean.describe(Object)	org.apache.commons.beanutils2.DynaBean.getDynaClass()
org.apache.commons.beanutils2.ConvertUtilsBean2.convert(String[],Class<?>)	org.apache.commons.beanutils2.ConvertUtilsBean.convert(Object,Class<?>)
org.apache.commons.beanutils2.bugs.Jira492TestCase.getPropertyType()	org.apache.commons.beanutils2.PropertyUtilsBean.getPropertyType(Object,String)
org.apache.commons.beanutils2.locale.LocaleBeanificationTestCase.testGetByContextClassLoader()	org.apache.commons.beanutils2.locale.LocaleBeanificationTestCase.Signal.setBean(LocaleBeanUtilsBean)
org.apache.commons.beanutils2.BeanUtilsTestCase.testCopyPropertiesStandard()	org.apache.commons.beanutils2.TestBean.getBooleanProperty()
org.apache.commons.beanutils2.BeanUtils2TestCase.testCopyPropertyConvertToStringIndexed()	org.apache.commons.beanutils2.BeanUtils.copyProperty(Object,String,Object)
org.apache.commons.beanutils2.DynaPropertyUtilsTestCase.testSetNestedString()	org.apache.commons.beanutils2.TestBean.getStringProperty()
org.apache.commons.beanutils2.converters.EnumConverterTestCase.testSimpleConversion()	org.apache.commons.beanutils2.Converter.convert(Class<T>,Object)
org.apache.commons.beanutils2.locale.LocaleBeanUtilsBean.getSimpleProperty(Object,String,String)	org.apache.commons.beanutils2.locale.LocaleConvertUtilsBean.convert(Object,String)
org.apache.commons.beanutils2.PropertyUtilsBean.setSimpleProperty(Object,String,Object)	org.apache.commons.beanutils2.DynaBean.set(String,Object)
org.apache.commons.beanutils2.BeanComparatorTestCase.testCompareOnBooleanProperty()	org.apache.commons.beanutils2.TestBean.setBooleanProperty(boolean)
org.apache.commons.beanutils2.bugs.Jira509TestCase.test_concurrent()	org.apache.commons.beanutils2.WrapDynaClass.createDynaClass(Class<?>)
org.apache.commons.beanutils2.locale.LocaleBeanUtilsBean.getMappedProperty(Object,String,String)	org.apache.commons.beanutils2.locale.LocaleBeanUtilsBean.getMappedProperty(Object,String,String,String)
org.apache.commons.beanutils2.converters.NumberConverterTestBase.testConvertNull()	org.apache.commons.beanutils2.converters.NumberConverterTestBase.makeConverter()
org.apache.commons.beanutils2.locale.LocaleConvertUtilsBean.getInstance()	org.apache.commons.beanutils2.locale.LocaleBeanUtilsBean.getLocaleConvertUtils()
org.apache.commons.beanutils2.DynaResultSetTestCase.testGetDynaProperty()	org.apache.commons.beanutils2.JDBCDynaClass.getDynaProperty(String)
org.apache.commons.beanutils2.bugs.Jira465TestCase.changeValue(Object)	org.apache.commons.beanutils2.BeanUtils.setProperty(Object,String,Object)
org.apache.commons.beanutils2.WeakFastHashMap.remove(Object)	org.apache.commons.beanutils2.WeakFastHashMap.cloneMap(Map<? extends K, ? extends V>)
org.apache.commons.beanutils2.converters.URLConverterTestCase.testUnsupportedType()	org.apache.commons.beanutils2.converters.AbstractConverter.convert(Class<T>,Object)
org.apache.commons.beanutils2.PropertyUtilsTestCase.testSetNoGetter()	org.apache.commons.beanutils2.PropertyUtils.getPropertyDescriptor(Object,String)
org.apache.commons.beanutils2.FluentPropertyBeanIntrospectorTestCase.testIntrospectionCaps()	org.apache.commons.beanutils2.FluentPropertyBeanIntrospectorTestCase.fetchDescriptor(Map<String, PropertyDescriptor>,String)
org.apache.commons.beanutils2.PropertyUtilsTestCase.testGetReadMethod(Object,String[],String)	org.apache.commons.beanutils2.PropertyUtils.getPropertyDescriptors(Object)
org.apache.commons.beanutils2.ContextClassLoaderLocal.get()	org.apache.commons.beanutils2.ContextClassLoaderLocal.initialValue()
org.apache.commons.beanutils2.PropertyUtilsTestCase.testMapExtensionCustom()	org.apache.commons.beanutils2.ExtendMapBean.setUnusuallyNamedProperty(String)
org.apache.commons.beanutils2.DynaBeanUtilsTestCase.testCopyPropertyNestedMappedMap()	org.apache.commons.beanutils2.BeanUtils.copyProperty(Object,String,Object)
org.apache.commons.beanutils2.LazyDynaBean.growIndexedProperty(String,Object,int)	org.apache.commons.beanutils2.LazyDynaBean.createProperty(String,Class<?>)
org.apache.commons.beanutils2.DynaRowSetTestCase.testInconsistentOracleDriver()	org.apache.commons.beanutils2.DynaClass.getDynaProperty(String)
org.apache.commons.beanutils2.WeakFastHashMap.CollectionView.containsAll(Collection<?>)	org.apache.commons.beanutils2.WeakFastHashMap.CollectionView.get(Map<K, V>)
org.apache.commons.beanutils2.locale.LocaleBeanUtilsBean.setProperty(Object,String,Object,String)	org.apache.commons.beanutils2.expression.Resolver.next(String)
org.apache.commons.beanutils2.PropertyUtilsBean.isReadable(Object,String)	org.apache.commons.beanutils2.PropertyUtilsBean.getPropertyDescriptor(Object,String)
org.apache.commons.beanutils2.bugs.Jira509TestCase.run()	org.apache.commons.beanutils2.WrapDynaClass.createDynaClass(Class<?>)
org.apache.commons.beanutils2.BaseDynaBeanMapDecorator.putAll(Map<? extends K, Object>)	org.apache.commons.beanutils2.BaseDynaBeanMapDecorator.put(K,Object)
org.apache.commons.beanutils2.WrapDynaBeanTestCase.testMappedContains()	org.apache.commons.beanutils2.DynaBean.contains(String,String)
org.apache.commons.beanutils2.converters.DateConverterTestBase.testPatternNoDefault()	org.apache.commons.beanutils2.converters.DateConverterTestBase.toSqlDate(Calendar)
org.apache.commons.beanutils2.DynaPropertyUtilsTestCase.testGetMappedPeriods()	org.apache.commons.beanutils2.DynaBean.get(String,String)
org.apache.commons.beanutils2.BeanUtilsTestCase.testCopyPropertiesStandard()	org.apache.commons.beanutils2.TestBean.setBooleanProperty(boolean)
org.apache.commons.beanutils2.WrapDynaClass.createDynaClass(Class<?>,PropertyUtilsBean)	org.apache.commons.beanutils2.PropertyUtilsBean.getInstance()
org.apache.commons.beanutils2.bugs.Jira358TestCase.testPropertyUtils_getIndexedProperty_List()	org.apache.commons.beanutils2.PropertyUtils.getIndexedProperty(Object,String,int)
org.apache.commons.beanutils2.BeanUtilsBean.copyProperty(Object,String,Object)	org.apache.commons.beanutils2.expression.Resolver.getKey(String)
org.apache.commons.beanutils2.converters.DateConverterTestBase.testStringConversion()	org.apache.commons.beanutils2.converters.DateConverterTestBase.toCalendar(String,String,Locale)
org.apache.commons.beanutils2.locale.LocaleBeanUtils.convert(Class<?>,int,Object)	org.apache.commons.beanutils2.locale.LocaleBeanUtilsBean.convert(Class<?>,int,Object)
org.apache.commons.beanutils2.DynaRowSetTestCase.testInconsistentOracleDriver()	org.apache.commons.beanutils2.DynaBean.getDynaClass()
org.apache.commons.beanutils2.BeanUtilsTestCase.testCopyPropertyDouble()	org.apache.commons.beanutils2.BeanUtils.copyProperty(Object,String,Object)
org.apache.commons.beanutils2.DynaPropertyUtilsTestCase.testSetSimpleString()	org.apache.commons.beanutils2.PropertyUtils.setSimpleProperty(Object,String,Object)
org.apache.commons.beanutils2.locale.LocaleBeanUtilsBean.getDefaultLocale()	org.apache.commons.beanutils2.locale.LocaleBeanUtilsBean.getLocaleConvertUtils()
org.apache.commons.beanutils2.DynaBeanUtilsTestCase.testCopyPropertyNestedSimple()	org.apache.commons.beanutils2.TestBean.getIntProperty()
org.apache.commons.beanutils2.BeanUtilsTestCase.testPopulateArrayProperties()	org.apache.commons.beanutils2.BeanUtils.populate(Object,Map<String, Object>)
org.apache.commons.beanutils2.BeanUtilsTestCase.testCopyPropertyConvertToString()	org.apache.commons.beanutils2.BeanUtils.copyProperty(Object,String,Object)
org.apache.commons.beanutils2.LazyDynaList.transform(Object)	org.apache.commons.beanutils2.LazyDynaList.setElementType(Class<?>)
org.apache.commons.beanutils2.BeanMap.put(String,Object)	org.apache.commons.beanutils2.BeanUtils.initCause(Throwable,Throwable)
org.apache.commons.beanutils2.TestResultSetMetaData.invoke(Object,Method,Object[])	org.apache.commons.beanutils2.TestResultSetMetaData.getColumnCount()
org.apache.commons.beanutils2.bugs.Jira456TestCase.setUp()	org.apache.commons.beanutils2.PropertyUtilsBean.addBeanIntrospector(BeanIntrospector)
org.apache.commons.beanutils2.LazyDynaBeanTestCase.testNullProperty()	org.apache.commons.beanutils2.LazyDynaBean.set(String,Object)
org.apache.commons.beanutils2.LazyDynaBean.createIndexedProperty(String,Class<?>)	org.apache.commons.beanutils2.LazyDynaBean.defaultIndexedProperty(String)
org.apache.commons.beanutils2.WrapDynaBean.get(String,String)	org.apache.commons.beanutils2.PropertyUtilsBean.getMappedProperty(Object,String,String)
org.apache.commons.beanutils2.locale.LocaleBeanUtilsBean.definePropertyType(Object,String,String)	org.apache.commons.beanutils2.MappedPropertyDescriptor.getMappedPropertyType()
org.apache.commons.beanutils2.ConvertUtilsBean.register(boolean,boolean,int)	org.apache.commons.beanutils2.ConvertUtilsBean.registerStandard(boolean,boolean)
org.apache.commons.beanutils2.bugs.Jira61TestCase.beforeAll()	org.apache.commons.beanutils2.PropertyUtils.getPropertyDescriptor(Object,String)
org.apache.commons.beanutils2.converters.NumberConverterTestBase.testStringToNumberPattern()	org.apache.commons.beanutils2.converters.NumberConverter.setLocale(Locale)
org.apache.commons.beanutils2.locale.LocaleBeanUtils.getProperty(Object,String,String)	org.apache.commons.beanutils2.locale.LocaleBeanUtilsBean.getLocaleBeanUtilsInstance()
org.apache.commons.beanutils2.BeanUtilsTestCase.testSeparateInstances()	org.apache.commons.beanutils2.ConvertUtilsBean.register(Converter,Class<?>)
org.apache.commons.beanutils2.DynaPropertyUtilsTestCase.testGetNestedString()	org.apache.commons.beanutils2.TestBean.getStringProperty()
org.apache.commons.beanutils2.PropertyUtilsTestCase.testNestedWithIndex()	org.apache.commons.beanutils2.PropertyUtils.getProperty(Object,String)
org.apache.commons.beanutils2.WeakFastHashMap.CollectionView.toArray(T[])	org.apache.commons.beanutils2.WeakFastHashMap.CollectionView.get(Map<K, V>)
org.apache.commons.beanutils2.MappedPropertyTestCase.testPrimitiveArgsProperty()	org.apache.commons.beanutils2.MappedPropertyDescriptor.getMappedReadMethod()
org.apache.commons.beanutils2.BeanUtilsTestCase.testCopyPropertyConvertToStringIndexed()	org.apache.commons.beanutils2.TestBean.setStringArray(String[])
org.apache.commons.beanutils2.LazyDynaBeanTestCase.testIndexedPropertyDefault()	org.apache.commons.beanutils2.LazyDynaBean.set(String,int,Object)
org.apache.commons.beanutils2.PropertyUtils.resetBeanIntrospectors()	org.apache.commons.beanutils2.PropertyUtilsBean.resetBeanIntrospectors()
org.apache.commons.beanutils2.BeanUtilsTestCase.testCopyPropertyNull()	org.apache.commons.beanutils2.BeanUtils.copyProperty(Object,String,Object)
org.apache.commons.beanutils2.LazyDynaBeanTestCase.testIndexedDynaBeanArray()	org.apache.commons.beanutils2.LazyDynaBean.set(String,int,Object)
org.apache.commons.beanutils2.PropertyUtilsBean.setMappedProperty(Object,String,String,Object)	org.apache.commons.beanutils2.MethodUtils.getAccessibleMethod(Class<?>,Method)
org.apache.commons.beanutils2.locale.LocaleBeanUtils.getApplyLocalized()	org.apache.commons.beanutils2.locale.LocaleBeanUtilsBean.getApplyLocalized()
org.apache.commons.beanutils2.BaseDynaBeanMapDecorator.isEmpty()	org.apache.commons.beanutils2.BaseDynaBeanMapDecorator.getDynaProperties()
org.apache.commons.beanutils2.DynaBeanUtilsTestCase.testCopyPropertiesStandard()	org.apache.commons.beanutils2.TestBean.setBooleanProperty(boolean)
org.apache.commons.beanutils2.BeanificationTestCase.testContextClassloaderIndependence()	org.apache.commons.beanutils2.ConvertUtils.primitiveToWrapper(Class<T>)
org.apache.commons.beanutils2.DynaPropertyUtilsTestCase.testGetMappedValues()	org.apache.commons.beanutils2.PropertyUtils.getMappedProperty(Object,String)
org.apache.commons.beanutils2.PropertyUtilsBean.copyProperties(Object,Object)	org.apache.commons.beanutils2.PropertyUtilsBean.getPropertyDescriptors(Object)
org.apache.commons.beanutils2.DynaProperty.readObject(ObjectInputStream)	org.apache.commons.beanutils2.DynaProperty.isMapped()
org.apache.commons.beanutils2.bugs.Jira359TestCase.main(String[])	org.apache.commons.beanutils2.bugs.Jira359TestCase.suite()
org.apache.commons.beanutils2.BeanUtilsBean.cloneBean(Object)	org.apache.commons.beanutils2.DynaBean.getDynaClass()
org.apache.commons.beanutils2.converters.MemoryTestCase.testComponentRegistersCustomConverter()	org.apache.commons.beanutils2.ConvertUtils.deregister()
org.apache.commons.beanutils2.MethodUtilsTestCase.testGetAccessibleMethodIndirectInterface()	org.apache.commons.beanutils2.MethodUtilsTestCase.assertMethod(Method,String)
org.apache.commons.beanutils2.converters.DateTimeConverter.setLocale(Locale)	org.apache.commons.beanutils2.converters.DateTimeConverter.setUseLocaleFormat(boolean)
org.apache.commons.beanutils2.BaseDynaBeanMapDecorator.put(K,Object)	org.apache.commons.beanutils2.BaseDynaBeanMapDecorator.getDynaBean()
org.apache.commons.beanutils2.WrapDynaClass.createDynaClass(Class<?>)	org.apache.commons.beanutils2.WrapDynaClass.createDynaClass(Class<?>,PropertyUtilsBean)
org.apache.commons.beanutils2.DynaPropertyUtilsTestCase.testSetMappedArguments()	org.apache.commons.beanutils2.PropertyUtils.setMappedProperty(Object,String,Object)
org.apache.commons.beanutils2.PropertyUtilsTestCase.testSetSimpleInt()	org.apache.commons.beanutils2.PropertyUtils.setSimpleProperty(Object,String,Object)
org.apache.commons.beanutils2.BeanToPropertyValueTransformerTestCase.testTransformWithSimpleDoubleProperty()	org.apache.commons.beanutils2.BeanToPropertyValueTransformer.apply(T)
org.apache.commons.beanutils2.PropertyUtilsTestCase.testGetDescriptorSecond()	org.apache.commons.beanutils2.PropertyUtilsTestCase.testGetDescriptorBase(String,String,String)
org.apache.commons.beanutils2.DynaPropertyUtilsTestCase.testCopyPropertiesMap()	org.apache.commons.beanutils2.DynaBean.get(String)
org.apache.commons.beanutils2.MethodUtils.getMatchingAccessibleMethod(Class<?>,String,Class<?>)	org.apache.commons.beanutils2.MethodUtils.isAssignmentCompatible(Class<?>,Class<?>)
org.apache.commons.beanutils2.LazyDynaMapTestCase.testIndexedPropertyRestricted()	org.apache.commons.beanutils2.LazyDynaMap.isRestricted()
org.apache.commons.beanutils2.PropertyUtilsBean.setMappedProperty(Object,String,String,Object)	org.apache.commons.beanutils2.PropertyUtilsBean.toPropertyMap(Object)
org.apache.commons.beanutils2.DynaPropertyUtilsTestCase.testSetIndexedValues()	org.apache.commons.beanutils2.PropertyUtils.getIndexedProperty(Object,String,int)
org.apache.commons.beanutils2.BeanUtilsTestCase.testCopyPropertiesDynaBean()	org.apache.commons.beanutils2.TestBean.getLongProperty()
org.apache.commons.beanutils2.DynaPropertyUtilsTestCase.testSetMappedValues()	org.apache.commons.beanutils2.PropertyUtils.getNestedProperty(Object,String)
org.apache.commons.beanutils2.LazyDynaBeanTestCase.testMappedPropertyTreeMap()	org.apache.commons.beanutils2.LazyDynaClass.add(String,Class<?>)
org.apache.commons.beanutils2.LazyDynaBean.createOtherProperty(String,Class<?>)	org.apache.commons.beanutils2.LazyDynaBean.logger()
org.apache.commons.beanutils2.IndexedPropertyTestCase.testListIndexedPropertyDescriptor()	org.apache.commons.beanutils2.PropertyUtilsBean.getPropertyDescriptor(Object,String)
org.apache.commons.beanutils2.converters.YearConverter.convertToType(Class<T>,Object)	org.apache.commons.beanutils2.converters.AbstractConverter.conversionException(Class<?>,Object)
org.apache.commons.beanutils2.BeanUtilsBean.describe(Object)	org.apache.commons.beanutils2.PropertyUtilsBean.getPropertyDescriptors(Object)
org.apache.commons.beanutils2.BeanificationTestCase.testContextClassLoaderLocal()	org.apache.commons.beanutils2.ContextClassLoaderLocal.set(T)
org.apache.commons.beanutils2.ConstructorUtilsTestCase.testGetAccessibleConstructorWithTypeArray()	org.apache.commons.beanutils2.ConstructorUtils.getAccessibleConstructor(Class<T>,Class<?>)
org.apache.commons.beanutils2.bugs.Jira92TestCase.testIssue_BEANUTILS_92_copyProperties_indexed_only_setter()	org.apache.commons.beanutils2.PropertyUtils.copyProperties(Object,Object)
org.apache.commons.beanutils2.PropertyUtilsTestCase.testSetMappedArguments()	org.apache.commons.beanutils2.PropertyUtils.setMappedProperty(Object,String,Object)
org.apache.commons.beanutils2.PropertyUtilsBean.isReadable(Object,String)	org.apache.commons.beanutils2.expression.Resolver.remove(String)
org.apache.commons.beanutils2.PropertyUtilsBean.getPropertyType(Object,String)	org.apache.commons.beanutils2.expression.Resolver.remove(String)
org.apache.commons.beanutils2.PropertyUtilsTestCase.testSetMappedValues()	org.apache.commons.beanutils2.PropertyUtils.setMappedProperty(Object,String,String,Object)
org.apache.commons.beanutils2.ResultSetDynaClass.getObjectFromResultSet(String)	org.apache.commons.beanutils2.JDBCDynaClass.getObject(ResultSet,String)
org.apache.commons.beanutils2.DynaBeanUtilsTestCase.testCopyPropertiesStandard()	org.apache.commons.beanutils2.TestBean.setStringArray(String[])
org.apache.commons.beanutils2.LazyDynaBeanTestCase.testIndexedPropertyDefault()	org.apache.commons.beanutils2.LazyDynaClass.getDynaProperty(String)
org.apache.commons.beanutils2.BaseDynaBeanMapDecorator.containsValue(Object)	org.apache.commons.beanutils2.BaseDynaBeanMapDecorator.getDynaBean()
org.apache.commons.beanutils2.converters.URIConverter.convertToType(Class<T>,Object)	org.apache.commons.beanutils2.converters.AbstractConverter.toString(Object)
org.apache.commons.beanutils2.PropertyUtilsBean.getSimpleProperty(Object,String)	org.apache.commons.beanutils2.DynaClass.getDynaProperty(String)
org.apache.commons.beanutils2.PropertyUtilsBean.getPropertyDescriptor(Object,String)	org.apache.commons.beanutils2.WeakFastHashMap.put(K,V)
org.apache.commons.beanutils2.BasicDynaBean.get(String)	org.apache.commons.beanutils2.BasicDynaBean.getDynaProperty(String)
org.apache.commons.beanutils2.PropertyUtils.getPropertyEditorClass(Object,String)	org.apache.commons.beanutils2.PropertyUtilsBean.getPropertyEditorClass(Object,String)
org.apache.commons.beanutils2.bugs.Jira493TestCase.testIndexedProperties()	org.apache.commons.beanutils2.BeanUtilsBean.setProperty(Object,String,Object)
org.apache.commons.beanutils2.locale.LocaleConvertUtils.convert(Object,String)	org.apache.commons.beanutils2.locale.LocaleConvertUtilsBean.convert(Object,String)
org.apache.commons.beanutils2.ConvertUtilsTestCase.testConvertToString()	org.apache.commons.beanutils2.converters.DateTimeConverter.setLocale(Locale)
org.apache.commons.beanutils2.LazyDynaMapTestCase.testMappedPropertyTreeMap()	org.apache.commons.beanutils2.LazyDynaBean.get(String)
org.apache.commons.beanutils2.BeanToPropertyValueTransformerTestCase.testTransformWithNullInPath()	org.apache.commons.beanutils2.BeanToPropertyValueTransformer.apply(T)
org.apache.commons.beanutils2.BeanUtilsTestCase.testSetPropertyNullValues()	org.apache.commons.beanutils2.BeanUtils.setProperty(Object,String,Object)
org.apache.commons.beanutils2.DefaultBeanIntrospector.introspect(IntrospectionContext)	org.apache.commons.beanutils2.DefaultBeanIntrospector.handleIndexedPropertyDescriptors(Class<?>,PropertyDescriptor[])
org.apache.commons.beanutils2.locale.converters.DateLocaleConverterTestCase.testSetLenient()	org.apache.commons.beanutils2.locale.converters.DateLocaleConverter.isLenient()
org.apache.commons.beanutils2.BeanUtilsTestCase.testCopyPropertiesStandard()	org.apache.commons.beanutils2.TestBean.setDoubleProperty(double)
org.apache.commons.beanutils2.memoryleaktests.MemoryLeakTestCase.testLocaleConvertUtilsBean_converters_memoryLeak()	org.apache.commons.beanutils2.locale.LocaleConvertUtils.register(LocaleConverter,Class<?>,Locale)
org.apache.commons.beanutils2.IndexedPropertyTestCase.testListIndexedReadMethod()	org.apache.commons.beanutils2.bugs.other.Jira492IndexedListsSupport.supportsIndexedLists()
org.apache.commons.beanutils2.locale.LocaleBeanUtils.setProperty(Object,String,Object)	org.apache.commons.beanutils2.locale.LocaleBeanUtilsBean.setProperty(Object,String,Object)
org.apache.commons.beanutils2.DynaPropertyUtilsTestCase.testSetSimpleFloat()	org.apache.commons.beanutils2.DynaBean.get(String)
org.apache.commons.beanutils2.BeanUtilsBean.getSimpleProperty(Object,String)	org.apache.commons.beanutils2.ConvertUtilsBean.convert(Object)
org.apache.commons.beanutils2.locale.LocaleBeanUtilsBean.getIndexedProperty(Object,String,String)	org.apache.commons.beanutils2.locale.LocaleConvertUtilsBean.convert(Object,String)
org.apache.commons.beanutils2.PropertyUtilsBean.setIndexedProperty(Object,String,Object)	org.apache.commons.beanutils2.expression.Resolver.getProperty(String)
org.apache.commons.beanutils2.WeakFastHashMap.CollectionView.isEmpty()	org.apache.commons.beanutils2.WeakFastHashMap.CollectionView.get(Map<K, V>)
org.apache.commons.beanutils2.DynaPropertyUtilsTestCase.testSetSimpleUnknown()	org.apache.commons.beanutils2.PropertyUtils.setSimpleProperty(Object,String,Object)
org.apache.commons.beanutils2.WeakFastHashMap.CollectionView.removeAll(Collection<?>)	org.apache.commons.beanutils2.WeakFastHashMap.CollectionView.get(Map<K, V>)
org.apache.commons.beanutils2.bugs.Jira347TestCase.getMappedWriteMethod(MappedPropertyDescriptor)	org.apache.commons.beanutils2.MappedPropertyDescriptor.getMappedWriteMethod()
org.apache.commons.beanutils2.bugs.Jira273TestCase.testIssue_BEANUTILS_273_PrivatePrivatePublicNotOverridden()	org.apache.commons.beanutils2.PropertyUtils.getProperty(Object,String)
org.apache.commons.beanutils2.DynaBeanUtilsTestCase.testPopulateNested()	org.apache.commons.beanutils2.TestBean.getFloatProperty()
org.apache.commons.beanutils2.converters.NumberConverterTestBase.testStringToNumberLocale()	org.apache.commons.beanutils2.converters.NumberConverter.setLocale(Locale)
org.apache.commons.beanutils2.PropertyUtilsTestCase.testGetSimpleString()	org.apache.commons.beanutils2.PropertyUtils.getSimpleProperty(Object,String)
org.apache.commons.beanutils2.PropertyUtilsTestCase.testGetMappedPeriods()	org.apache.commons.beanutils2.PropertyUtils.getNestedProperty(Object,String)
org.apache.commons.beanutils2.locale.LocaleBeanUtilsBean.getMappedProperty(Object,String,String,String)	org.apache.commons.beanutils2.locale.LocaleConvertUtilsBean.convert(Object,String)
org.apache.commons.beanutils2.ConvertUtilsBean.register(boolean,boolean,int)	org.apache.commons.beanutils2.ConvertUtilsBean.registerPrimitives(boolean)
org.apache.commons.beanutils2.BeanUtilsTestCase.testCopyPropertyNestedSimple()	org.apache.commons.beanutils2.TestBean.setIntProperty(int)
org.apache.commons.beanutils2.PropertyUtilsTestCase.testGetSimpleBoolean()	org.apache.commons.beanutils2.TestBean.getBooleanProperty()
org.apache.commons.beanutils2.PropertyUtilsBean.setNestedProperty(Object,String,Object)	org.apache.commons.beanutils2.PropertyUtilsBean.getPropertyOfMapBean(Map<?, ?>,String)
org.apache.commons.beanutils2.converters.AbstractConverter.handleError(Class<T>,Object,Throwable)	org.apache.commons.beanutils2.BeanUtils.initCause(Throwable,Throwable)
org.apache.commons.beanutils2.bugs.Jira349TestCase.main(String[])	org.apache.commons.beanutils2.bugs.Jira349TestCase.suite()
org.apache.commons.beanutils2.DynaPropertyUtilsTestCase.testGetNestedShort()	org.apache.commons.beanutils2.PropertyUtils.getNestedProperty(Object,String)
org.apache.commons.beanutils2.TestResultSetMetaData.invoke(Object,Method,Object[])	org.apache.commons.beanutils2.TestResultSetMetaData.getColumnClassName(int)
org.apache.commons.beanutils2.LazyDynaMapTestCase.setUp()	org.apache.commons.beanutils2.LazyDynaMap.setReturnNull(boolean)
org.apache.commons.beanutils2.PropertyUtilsTestCase.testGetMappedSlashes()	org.apache.commons.beanutils2.TestBean.getMappedProperty(String)
org.apache.commons.beanutils2.converters.ArrayConverterTestCase.testTheMatrix()	org.apache.commons.beanutils2.converters.AbstractConverter.convert(Class<T>,Object)
org.apache.commons.beanutils2.IndexedPropertyTestCase.testGetListAsString()	org.apache.commons.beanutils2.BeanUtilsBean.getProperty(Object,String)
org.apache.commons.beanutils2.ConstructorUtilsTestCase.testGetAccessibleConstructorWithConstructorArg()	org.apache.commons.beanutils2.ConstructorUtils.getAccessibleConstructor(Constructor<T>)
org.apache.commons.beanutils2.expression.DefaultResolverTestCase.testIsIndexed()	org.apache.commons.beanutils2.expression.DefaultResolver.isIndexed(String)
org.apache.commons.beanutils2.locale.LocaleBeanificationTestCase.TestIndependenceThread.convert(Class<T>,Object)	org.apache.commons.beanutils2.ConvertUtils.primitiveToWrapper(Class<T>)
org.apache.commons.beanutils2.BeanMap.values()	org.apache.commons.beanutils2.BeanMap.valueIterator()
org.apache.commons.beanutils2.LazyDynaClassTestCase.testRemoveProperty()	org.apache.commons.beanutils2.LazyDynaClass.add(String)
org.apache.commons.beanutils2.locale.BaseLocaleConverter.getDefaultAs(Class<T>)	org.apache.commons.beanutils2.locale.BaseLocaleConverter.checkConversionResult(Class<T>,Object)
org.apache.commons.beanutils2.ConstructorUtils.getMatchingAccessibleConstructor(Class<T>,Class<?>)	org.apache.commons.beanutils2.ConstructorUtils.getAccessibleConstructor(Constructor<T>)
org.apache.commons.beanutils2.locale.LocaleBeanUtilsBean.setProperty(Object,String,Object,String)	org.apache.commons.beanutils2.expression.Resolver.remove(String)
org.apache.commons.beanutils2.bugs.Jira422TestCase.testRootBean()	org.apache.commons.beanutils2.PropertyUtils.getPropertyType(Object,String)
org.apache.commons.beanutils2.LazyDynaListTestCase.testToArrayUnsufficientSize()	org.apache.commons.beanutils2.LazyDynaList.add(Object)
org.apache.commons.beanutils2.BeanUtilsBean.convert(Object,Class<?>)	org.apache.commons.beanutils2.BeanUtilsBean.getConvertUtils()
org.apache.commons.beanutils2.PropertyUtilsBean.getSimpleProperty(Object,String)	org.apache.commons.beanutils2.PropertyUtilsBean.getPropertyDescriptor(Object,String)
org.apache.commons.beanutils2.LazyDynaMapTestCase.testIndexedPrimitiveArray()	org.apache.commons.beanutils2.LazyDynaBean.get(String)
org.apache.commons.beanutils2.PropertyUtilsBean.setNestedProperty(Object,String,Object)	org.apache.commons.beanutils2.expression.Resolver.next(String)
org.apache.commons.beanutils2.BeanUtilsTestCase.testCopyPropertyConvertFromString()	org.apache.commons.beanutils2.TestBean.getDateProperty()
org.apache.commons.beanutils2.ConvertUtilsTestCase.testConvertToString()	org.apache.commons.beanutils2.ConvertUtilsBean.deregister(Class<?>)
org.apache.commons.beanutils2.MethodUtilsTestCase.testInvokeMethodNullArrayNullArray()	org.apache.commons.beanutils2.MethodUtils.invokeMethod(Object,String,Object[],Class<?>)
org.apache.commons.beanutils2.LazyDynaListTestCase.testPojoType()	org.apache.commons.beanutils2.LazyDynaListTestCase.pojoTest(LazyDynaList,Class<?>,Object)
org.apache.commons.beanutils2.PropertyUtilsTestCase.testGetMappedArguments()	org.apache.commons.beanutils2.PropertyUtils.getMappedProperty(Object,String,String)
org.apache.commons.beanutils2.converters.StringConverterTestCase.testDefaultType()	org.apache.commons.beanutils2.converters.StringConverter.getDefaultType()
org.apache.commons.beanutils2.WrapDynaClass.getClassesCache()	org.apache.commons.beanutils2.ContextClassLoaderLocal.get()
org.apache.commons.beanutils2.DynaBeanUtilsTestCase.testGetArrayProperty()	org.apache.commons.beanutils2.BeanUtils.getArrayProperty(Object,String)
org.apache.commons.beanutils2.locale.LocaleBeanificationTestCase.TestIndependenceThread.run()	org.apache.commons.beanutils2.locale.LocaleBeanificationTestCase.Signal.setException(Exception)
org.apache.commons.beanutils2.bugs.Jira61TestCase.testIssue_BEANUTILS_61_PropertyUtils_isWriteable_Mapped()	org.apache.commons.beanutils2.PropertyUtils.isWriteable(Object,String)
org.apache.commons.beanutils2.DynaResultSetTestCase.testIteratorCount()	org.apache.commons.beanutils2.ResultSetDynaClass.iterator()
org.apache.commons.beanutils2.PropertyUtilsTestCase.testSetMappedMap()	org.apache.commons.beanutils2.TestBean.getMapProperty()
org.apache.commons.beanutils2.locale.LocaleBeanificationTestCase.CCLLTesterThread.run()	org.apache.commons.beanutils2.locale.LocaleBeanificationTestCase.Signal.setMarkerObject(Object)
org.apache.commons.beanutils2.LazyDynaBeanTestCase.testIndexedPrimitiveArray()	org.apache.commons.beanutils2.DynaProperty.getType()
org.apache.commons.beanutils2.DynaBeanMapDecoratorTestCase.testPutAll()	org.apache.commons.beanutils2.DynaProperty.getName()
org.apache.commons.beanutils2.LazyDynaBeanTestCase.testIndexedObjectArray()	org.apache.commons.beanutils2.LazyDynaBean.get(String)
org.apache.commons.beanutils2.LazyDynaBeanTestCase.testIndexedPrimitiveArray()	org.apache.commons.beanutils2.LazyDynaBean.set(String,int,Object)
org.apache.commons.beanutils2.BeanIntrospectionDataTestCase.testGetWriteMethodUndefined()	org.apache.commons.beanutils2.BeanIntrospectionDataTestCase.fetchTestDescriptor(BeanIntrospectionData)
org.apache.commons.beanutils2.locale.LocaleConvertUtils.setApplyLocalized(boolean)	org.apache.commons.beanutils2.locale.LocaleConvertUtilsBean.setApplyLocalized(boolean)
org.apache.commons.beanutils2.locale.LocaleBeanUtilsBean.convert(Class<?>,int,Object)	org.apache.commons.beanutils2.ConvertUtils.convert(String,Class<?>)
org.apache.commons.beanutils2.BeanPropertyValueChangeConsumerTestCase.testExecuteWithMappedProperty()	org.apache.commons.beanutils2.TestBean.getMappedProperty(String)
org.apache.commons.beanutils2.locale.LocaleBeanificationTestCase.testContextClassloaderIndependence()	org.apache.commons.beanutils2.locale.LocaleBeanificationTestCase.Signal.setException(Exception)
org.apache.commons.beanutils2.LazyDynaList.transform(Object)	org.apache.commons.beanutils2.LazyDynaList.createDynaBeanForMapProperty(Object)
org.apache.commons.beanutils2.converters.DateConverterTestBase.testMultiplePatterns()	org.apache.commons.beanutils2.converters.DateConverterTestBase.invalidConversion(Converter,Object)
org.apache.commons.beanutils2.LazyDynaMapTestCase.testIndexedInvalidType()	org.apache.commons.beanutils2.DynaProperty.isIndexed()
org.apache.commons.beanutils2.MappedPropertyTestCase.testChildInterfaceMapped()	org.apache.commons.beanutils2.MappedPropertyDescriptor.getMappedReadMethod()
org.apache.commons.beanutils2.BeanUtilsBean.describe(Object)	org.apache.commons.beanutils2.PropertyUtilsBean.getReadMethod(Class<?>,PropertyDescriptor)
org.apache.commons.beanutils2.PropertyUtilsTestCase.testSetMappedArguments()	org.apache.commons.beanutils2.PropertyUtils.setMappedProperty(Object,String,String,Object)
org.apache.commons.beanutils2.WrapDynaBeanTestCase.testGetWrapDynaClassFromCacheWithPropUtils()	org.apache.commons.beanutils2.WrapDynaClass.createDynaClass(Class<?>,PropertyUtilsBean)
org.apache.commons.beanutils2.PropertyUtilsBean.setNestedProperty(Object,String,Object)	org.apache.commons.beanutils2.PropertyUtilsBean.getMappedProperty(Object,String)
org.apache.commons.beanutils2.ConvertUtilsBean.convert(String[],Class<?>)	org.apache.commons.beanutils2.ConvertUtilsBean.lookup(Class<?>)
org.apache.commons.beanutils2.ConvertUtilsBean.lookup(Class<?>,Class<?>)	org.apache.commons.beanutils2.ConvertUtilsBean.lookup(Class<?>)
org.apache.commons.beanutils2.converters.IntegerConverterTestCase.testInvalidAmount()	org.apache.commons.beanutils2.Converter.convert(Class<T>,Object)
org.apache.commons.beanutils2.MethodUtilsTestCase.testSimpleStatic2()	org.apache.commons.beanutils2.TestBean.currentCounter()
org.apache.commons.beanutils2.locale.converters.DateLocaleConverterTestCase.testDateObject()	org.apache.commons.beanutils2.locale.BaseLocaleConverter.convert(Object)
org.apache.commons.beanutils2.memoryleaktests.MemoryLeakTestCase.testMappedPropertyDescriptor_MappedMethodReference2()	org.apache.commons.beanutils2.MappedPropertyDescriptor.getMappedWriteMethod()
org.apache.commons.beanutils2.LazyDynaBean.set(String,Object)	org.apache.commons.beanutils2.LazyDynaBean.isDynaProperty(String)
org.apache.commons.beanutils2.bugs.Jira369TestCase.testBeanUtilsGetProperty_aRatedCd()	org.apache.commons.beanutils2.BeanUtils.getProperty(Object,String)
org.apache.commons.beanutils2.DynaPropertyUtilsTestCase.testGetNestedReadOnly()	org.apache.commons.beanutils2.PropertyUtils.getNestedProperty(Object,String)
org.apache.commons.beanutils2.LazyDynaClassTestCase.testAddPropertyNullName2()	org.apache.commons.beanutils2.LazyDynaClass.add(String,Class<?>)
org.apache.commons.beanutils2.DynaPropertyUtilsTestCase.testGetNestedString()	org.apache.commons.beanutils2.PropertyUtils.getNestedProperty(Object,String)
org.apache.commons.beanutils2.bugs.Jira339TestCase.testIssue_BEANUTILS_339_BeanUtilsBean_setProperty()	org.apache.commons.beanutils2.bugs.Jira339TestCase.TestBean.getComparator()
org.apache.commons.beanutils2.LazyDynaBeanTestCase.testIndexedObjectArray()	org.apache.commons.beanutils2.LazyDynaClass.add(String,Class<?>)
org.apache.commons.beanutils2.BeanUtilsBean.getNestedProperty(Object,String)	org.apache.commons.beanutils2.PropertyUtilsBean.getNestedProperty(Object,String)
org.apache.commons.beanutils2.locale.LocaleBeanificationTestCase.CCLLTesterThread.run()	org.apache.commons.beanutils2.locale.LocaleBeanificationTestCase.Signal.setSignal(int)
org.apache.commons.beanutils2.BeanUtilsBean.describe(Object)	org.apache.commons.beanutils2.BeanUtilsBean.getProperty(Object,String)
org.apache.commons.beanutils2.BeanUtils.setProperty(Object,String,Object)	org.apache.commons.beanutils2.BeanUtilsBean.getInstance()
org.apache.commons.beanutils2.converters.BooleanConverterTestCase.testInvalidString()	org.apache.commons.beanutils2.converters.AbstractConverter.convert(Class<T>,Object)
org.apache.commons.beanutils2.BeanUtilsTestCase.testGetGeneralProperty()	org.apache.commons.beanutils2.BeanUtils.getProperty(Object,String)
org.apache.commons.beanutils2.ConvertUtilsBean.register(boolean,boolean,int)	org.apache.commons.beanutils2.ConvertUtilsBean.registerOther(boolean)
org.apache.commons.beanutils2.ConvertUtilsBean.register(boolean,boolean,int)	org.apache.commons.beanutils2.ConvertUtilsBean.registerArrays(boolean,int)
org.apache.commons.beanutils2.memoryleaktests.MemoryLeakTestCase.clearAllBeanUtilsCaches()	org.apache.commons.beanutils2.locale.LocaleBeanUtilsBean.setInstance(LocaleBeanUtilsBean)
org.apache.commons.beanutils2.MappedPropertyDescriptor.MappedMethodReference.reLoadClass()	org.apache.commons.beanutils2.MappedPropertyDescriptor.MappedMethodReference.reLoadClass(String)
org.apache.commons.beanutils2.BeanUtilsTestCase.testCopyPropertyFloat()	org.apache.commons.beanutils2.BeanUtils.copyProperty(Object,String,Object)
org.apache.commons.beanutils2.BeanMap.entryIterator()	org.apache.commons.beanutils2.BeanMap.get(Object)
org.apache.commons.beanutils2.ResultSetIterator.hasNext()	org.apache.commons.beanutils2.ResultSetIterator.advance()
org.apache.commons.beanutils2.BeanUtilsBean.getSimpleProperty(Object,String)	org.apache.commons.beanutils2.PropertyUtilsBean.getSimpleProperty(Object,String)
org.apache.commons.beanutils2.BeanUtilsBean.describe(Object)	org.apache.commons.beanutils2.DynaBean.getDynaClass()
org.apache.commons.beanutils2.converters.ShortConverterTestCase.testSimpleConversion()	org.apache.commons.beanutils2.Converter.convert(Class<T>,Object)
org.apache.commons.beanutils2.converters.SqlTimeConverterTestCase.testLocale()	org.apache.commons.beanutils2.converters.DateTimeConverter.setLocale(Locale)
org.apache.commons.beanutils2.BasicDynaBean.set(String,Object)	org.apache.commons.beanutils2.BasicDynaBean.getDynaProperty(String)
org.apache.commons.beanutils2.bugs.Jira157TestCase.testIssue_BEANUTILS_157_BeanUtils_Describe_Serializable()	org.apache.commons.beanutils2.BeanUtils.describe(Object)
org.apache.commons.beanutils2.PropertyUtilsBean.getSimpleProperty(Object,String)	org.apache.commons.beanutils2.PropertyUtilsBean.invokeMethod(Method,Object,Object[])
org.apache.commons.beanutils2.BeanPropertyValueChangeConsumerTestCase.testExecuteWithInvalidPropertyName()	org.apache.commons.beanutils2.BeanPropertyValueChangeConsumer.accept(Object)
org.apache.commons.beanutils2.ConvertUtilsBean.registerArrays(boolean,int)	org.apache.commons.beanutils2.ConvertUtilsBean.registerArrayConverter(Class<?>,Converter,boolean,int)
org.apache.commons.beanutils2.WrapDynaBeanTestCase.testNewInstance()	org.apache.commons.beanutils2.WrapDynaBean.getInstance()
org.apache.commons.beanutils2.PropertyUtilsBenchCase.setUp()	org.apache.commons.beanutils2.BenchBean.getBooleanProperty()
org.apache.commons.beanutils2.IndexedPropertyTestCase.testGetListItemB()	org.apache.commons.beanutils2.BeanUtilsBean.getIndexedProperty(Object,String,int)
org.apache.commons.beanutils2.converters.ArrayConverter.convertToCollection(Class<?>,Object)	org.apache.commons.beanutils2.converters.ArrayConverter.parseElements(Class<?>,String)
org.apache.commons.beanutils2.BeanToPropertyValueTransformerTestCase.testTransformWithWriteOnlyProperty()	org.apache.commons.beanutils2.BeanToPropertyValueTransformer.apply(T)
org.apache.commons.beanutils2.LazyDynaMapTestCase.testIndexedDynaBeanArray()	org.apache.commons.beanutils2.DynaProperty.getType()
org.apache.commons.beanutils2.BeanUtilsBean.setProperty(Object,String,Object)	org.apache.commons.beanutils2.BeanUtilsBean.dynaPropertyType(DynaProperty,Object)
org.apache.commons.beanutils2.BeanToPropertyValueTransformerTestCase.testTransformWithIndexedProperty()	org.apache.commons.beanutils2.TestBean.setIntIndexed(int,int)
org.apache.commons.beanutils2.LazyDynaMapTestCase.testNewInstance()	org.apache.commons.beanutils2.LazyDynaBean.set(String,int,Object)
org.apache.commons.beanutils2.converters.CharacterConverterTestCase.testConvertToChar()	org.apache.commons.beanutils2.Converter.convert(Class<T>,Object)
org.apache.commons.beanutils2.locale.LocaleBeanificationTestCase.testContextClassLoaderUnset()	org.apache.commons.beanutils2.ContextClassLoaderLocal.unset()
org.apache.commons.beanutils2.ConvertUtilsTestCase.testPositiveIntegerArray()	org.apache.commons.beanutils2.ConvertUtils.convert(String,Class<?>)
org.apache.commons.beanutils2.PropertyUtilsTestCase.testSetSimpleBoolean()	org.apache.commons.beanutils2.PropertyUtils.setSimpleProperty(Object,String,Object)
org.apache.commons.beanutils2.PropertyUtilsTestCase.testGetSimpleString()	org.apache.commons.beanutils2.TestBean.getStringProperty()
org.apache.commons.beanutils2.locale.LocaleBeanUtilsBean.setProperty(Object,String,Object,String)	org.apache.commons.beanutils2.expression.Resolver.getIndex(String)
org.apache.commons.beanutils2.locale.LocaleConvertUtilsBean.convert(String[],Class<?>)	org.apache.commons.beanutils2.locale.LocaleConvertUtilsBean.convert(String[],Class<?>,Locale,String)
org.apache.commons.beanutils2.PropertyUtilsBean.getPropertyDescriptor(Object,String)	org.apache.commons.beanutils2.expression.Resolver.hasNested(String)
org.apache.commons.beanutils2.BeanMapTestCase.makeFullMap()	org.apache.commons.beanutils2.BeanMapTestCase.BeanWithProperties.setSomeShortValue(short)
org.apache.commons.beanutils2.locale.LocaleBeanUtils.getDefaultLocale()	org.apache.commons.beanutils2.locale.LocaleBeanUtilsBean.getLocaleBeanUtilsInstance()
org.apache.commons.beanutils2.PropertyUtilsTestCase.testGetDescriptorMappedPeriods()	org.apache.commons.beanutils2.TestBean.setMappedIntProperty(String,int)
org.apache.commons.beanutils2.DynaBeanUtilsTestCase.testCloneDynaBean()	org.apache.commons.beanutils2.DynaBean.set(String,Object)
org.apache.commons.beanutils2.LazyDynaClassTestCase.testRemovePropertyRestricted()	org.apache.commons.beanutils2.LazyDynaClass.remove(String)
org.apache.commons.beanutils2.PropertyUtilsTestCase.testSetSimpleDouble()	org.apache.commons.beanutils2.PropertyUtils.setSimpleProperty(Object,String,Object)
org.apache.commons.beanutils2.MethodUtilsTestCase.testGetAccessibleMethod()	org.apache.commons.beanutils2.MethodUtilsTestCase.assertMethod(Method,String)
org.apache.commons.beanutils2.WrapDynaBeanTestCase.testMappedRemove()	org.apache.commons.beanutils2.DynaBean.remove(String,String)
org.apache.commons.beanutils2.ConstructorUtilsTestCase.testInvokeExactConstructorWithTypeArray()	org.apache.commons.beanutils2.TestBean.getFloatProperty()
org.apache.commons.beanutils2.BeanUtilsBean.getIndexedProperty(Object,String)	org.apache.commons.beanutils2.PropertyUtilsBean.getIndexedProperty(Object,String)
org.apache.commons.beanutils2.BasicDynaBeanTestCase.testGetSimpleString()	org.apache.commons.beanutils2.DynaBean.get(String)
org.apache.commons.beanutils2.locale.converters.DateLocaleConverterTestCase.testSetLenient()	org.apache.commons.beanutils2.locale.BaseLocaleConverter.convert(Object)
org.apache.commons.beanutils2.converters.DoubleConverterTestCase.testSimpleConversion()	org.apache.commons.beanutils2.Converter.convert(Class<T>,Object)
org.apache.commons.beanutils2.MethodUtilsTestCase.testPublicSub()	org.apache.commons.beanutils2.priv.PublicSubBean.getFoo()
org.apache.commons.beanutils2.WrapDynaBeanTestCase.testIndexedProperties()	org.apache.commons.beanutils2.WrapDynaBean.getInstance()
org.apache.commons.beanutils2.TestBean.incrementCounter()	org.apache.commons.beanutils2.TestBean.incrementCounter(int)
org.apache.commons.beanutils2.expression.DefaultResolverTestCase.testGetName()	org.apache.commons.beanutils2.expression.DefaultResolverTestCase.label(String,int)
org.apache.commons.beanutils2.DynaBeanUtilsTestCase.testGetNestedProperty()	org.apache.commons.beanutils2.TestBean.getStringProperty()
org.apache.commons.beanutils2.PropertyUtilsTestCase.testSetNestedReadOnly()	org.apache.commons.beanutils2.PropertyUtils.setNestedProperty(Object,String,Object)
org.apache.commons.beanutils2.IndexedPropertyTestCase.setUp()	org.apache.commons.beanutils2.IndexedTestBean.setStringArray(String[])
org.apache.commons.beanutils2.LazyDynaMapTestCase.testMappedPropertyRestricted()	org.apache.commons.beanutils2.LazyDynaMap.setRestricted(boolean)
org.apache.commons.beanutils2.PropertyUtilsTestCase.testNestedWithIndex()	org.apache.commons.beanutils2.PropertyUtils.setProperty(Object,String,Object)
org.apache.commons.beanutils2.PropertyUtils.setSimpleProperty(Object,String,Object)	org.apache.commons.beanutils2.PropertyUtilsBean.setSimpleProperty(Object,String,Object)
org.apache.commons.beanutils2.bugs.Jira520TestCase.testSuppressClassPropertyByDefault()	org.apache.commons.beanutils2.BeanUtilsBean.getProperty(Object,String)
org.apache.commons.beanutils2.PropertyUtilsTestCase.testGetSimpleDouble()	org.apache.commons.beanutils2.TestBean.getDoubleProperty()
org.apache.commons.beanutils2.LazyDynaBean.growIndexedProperty(String,Object,int)	org.apache.commons.beanutils2.DynaProperty.getContentType()
org.apache.commons.beanutils2.bugs.Jira339TestCase.main(String[])	org.apache.commons.beanutils2.bugs.Jira339TestCase.suite()
org.apache.commons.beanutils2.PropertyUtils.setProperty(Object,String,Object)	org.apache.commons.beanutils2.PropertyUtilsBean.getInstance()
org.apache.commons.beanutils2.MappedPropertyDescriptor.getMappedWriteMethod()	org.apache.commons.beanutils2.MappedPropertyDescriptor.MappedMethodReference.get()
org.apache.commons.beanutils2.LazyDynaClassTestCase.testAddPropertyRestricted2()	org.apache.commons.beanutils2.LazyDynaClass.isRestricted()
org.apache.commons.beanutils2.BeanUtils.getIndexedProperty(Object,String)	org.apache.commons.beanutils2.BeanUtilsBean.getIndexedProperty(Object,String)
org.apache.commons.beanutils2.converters.ArrayConverter.convertToType(Class<T>,Object)	org.apache.commons.beanutils2.Converter.convert(Class<T>,Object)
org.apache.commons.beanutils2.BeanPropertyValueEqualsPredicateTestCase.testEvaluateWithFloatProperty()	org.apache.commons.beanutils2.BeanPropertyValueEqualsPredicate.test(T)
org.apache.commons.beanutils2.IndexedPropertyTestCase.testArrayIndexedPropertyDescriptor()	org.apache.commons.beanutils2.PropertyUtilsBean.getPropertyDescriptor(Object,String)
org.apache.commons.beanutils2.PropertyUtilsTestCase.testGetWriteMethod(Object,String[],String)	org.apache.commons.beanutils2.PropertyUtils.getPropertyDescriptors(Object)
org.apache.commons.beanutils2.converters.DateConverterTestBase.testPatternNoDefault()	org.apache.commons.beanutils2.converters.DateConverterTestBase.invalidConversion(Converter,Object)
org.apache.commons.beanutils2.LazyDynaBeanTestCase.testSimplePropertyRestricted()	org.apache.commons.beanutils2.LazyDynaBean.get(String)
org.apache.commons.beanutils2.BeanUtilsBean.setProperty(Object,String,Object)	org.apache.commons.beanutils2.expression.Resolver.next(String)
org.apache.commons.beanutils2.converters.DateConverterTestBase.testDefaultType()	org.apache.commons.beanutils2.converters.DateConverterTestBase.toType(Calendar)
org.apache.commons.beanutils2.PropertyUtilsTestCase.testGetReadMethodPackageSubclass()	org.apache.commons.beanutils2.PropertyUtilsTestCase.testGetReadMethod(Object,String[],String)
org.apache.commons.beanutils2.locale.LocaleBeanUtilsBean.getMappedPropertyLocale(Object,String,String)	org.apache.commons.beanutils2.locale.LocaleConvertUtilsBean.convert(Object,String)
org.apache.commons.beanutils2.locale.converters.BigDecimalLocaleConverterTestCase.setUp()	org.apache.commons.beanutils2.locale.converters.BaseLocaleConverterTestCase.setUp()
org.apache.commons.beanutils2.ConvertUtilsTestCase.testSeparateConvertInstances()	org.apache.commons.beanutils2.ConvertUtilsBean.convert(String,Class<?>)
org.apache.commons.beanutils2.BasicDynaBeanTestCase.setUp()	org.apache.commons.beanutils2.DynaClass.newInstance()
org.apache.commons.beanutils2.DynaRowSetTestCase.TestResultSetInconsistent.getObject(String)	org.apache.commons.beanutils2.TestResultSet.getObject(String)
org.apache.commons.beanutils2.DynaBeanUtilsTestCase.testCopyPropertyNestedSimple()	org.apache.commons.beanutils2.DynaBean.get(String)
org.apache.commons.beanutils2.BasicDynaBeanTestCase.testSerialization()	org.apache.commons.beanutils2.BasicDynaBeanTestCase.testGetDescriptorInt()
org.apache.commons.beanutils2.locale.LocaleConvertUtilsTestCase.fixmetestNegativeIntegerArray()	org.apache.commons.beanutils2.locale.LocaleConvertUtilsTestCase.checkIntegerArray(Object,int[])
org.apache.commons.beanutils2.BeanMapTestCase.testExceptionThrowFromPut()	org.apache.commons.beanutils2.PropertyUtils.getProperty(Object,String)
org.apache.commons.beanutils2.PropertyUtilsTestCase.testSetNestedWriteOnly()	org.apache.commons.beanutils2.PropertyUtils.setNestedProperty(Object,String,Object)
org.apache.commons.beanutils2.LazyDynaBean.createProperty(String,Class<?>)	org.apache.commons.beanutils2.LazyDynaBean.createMappedProperty(String,Class<?>)
org.apache.commons.beanutils2.PropertyUtilsBean.setPropertyOfMapBean(Map<String, Object>,String,Object)	org.apache.commons.beanutils2.expression.Resolver.getProperty(String)
org.apache.commons.beanutils2.PropertyUtilsTestCase.testSetMappedValues()	org.apache.commons.beanutils2.PropertyUtils.getMappedProperty(Object,String)
org.apache.commons.beanutils2.BeanUtils.setProperty(Object,String,Object)	org.apache.commons.beanutils2.BeanUtilsBean.setProperty(Object,String,Object)
org.apache.commons.beanutils2.converters.NumberConverterTestBase.testStringToNumberLocale()	org.apache.commons.beanutils2.converters.NumberConverterTestBase.makeConverter()
org.apache.commons.beanutils2.DynaPropertyUtilsTestCase.testGetNestedReadOnly()	org.apache.commons.beanutils2.TestBean.getReadOnlyProperty()
org.apache.commons.beanutils2.LazyDynaMapTestCase.testMappedPropertyRestricted()	org.apache.commons.beanutils2.LazyDynaMap.getDynaProperty(String)
org.apache.commons.beanutils2.PropertyUtilsBean.getMappedProperty(Object,String,String)	org.apache.commons.beanutils2.DynaBean.getDynaClass()
org.apache.commons.beanutils2.PropertyUtilsTestCase.testGetSimpleReadOnly()	org.apache.commons.beanutils2.TestBean.getReadOnlyProperty()
org.apache.commons.beanutils2.bugs.Jira298TestCase.testIssue_BEANUTILS_298_PropertyUtils_setProperty()	org.apache.commons.beanutils2.PropertyUtils.setProperty(Object,String,Object)
org.apache.commons.beanutils2.LazyDynaBean.set(String,Object)	org.apache.commons.beanutils2.DynaProperty.getType()
org.apache.commons.beanutils2.ConvertUtilsBean.lookup(Class<?>)	org.apache.commons.beanutils2.WeakFastHashMap.get(Object)
org.apache.commons.beanutils2.locale.LocaleBeanUtilsBean.setProperty(Object,String,Object,String)	org.apache.commons.beanutils2.locale.LocaleBeanUtilsBean.invokeSetter(Object,String,String,int,Object)
org.apache.commons.beanutils2.ConvertUtils.lookup(Class<?>,Class<?>)	org.apache.commons.beanutils2.ConvertUtilsBean.getInstance()
org.apache.commons.beanutils2.BeanPropertyValueEqualsPredicateTestCase.testEvaluateWithPrimitiveAndNull()	org.apache.commons.beanutils2.BeanPropertyValueEqualsPredicate.test(T)
org.apache.commons.beanutils2.BeanUtilsTestCase.testGetIndexedPropertyDate()	org.apache.commons.beanutils2.TestBean.setDateArrayProperty(Date[])
org.apache.commons.beanutils2.ResultSetDynaClass.getObjectFromResultSet(String)	org.apache.commons.beanutils2.ResultSetDynaClass.getResultSet()
org.apache.commons.beanutils2.DynaRowSetTestCase.testNewInstance()	org.apache.commons.beanutils2.JDBCDynaClass.newInstance()
org.apache.commons.beanutils2.BeanMap.get(Object)	org.apache.commons.beanutils2.BeanMap.getReadMethod(Object)
org.apache.commons.beanutils2.PropertyUtilsBean.setSimpleProperty(Object,String,Object)	org.apache.commons.beanutils2.PropertyUtilsBean.getPropertyDescriptor(Object,String)
org.apache.commons.beanutils2.memoryleaktests.MemoryLeakTestCase.testMethodUtils_cache_memoryLeak()	org.apache.commons.beanutils2.MethodUtils.invokeExactMethod(Object,String,Object[])
org.apache.commons.beanutils2.LazyDynaBeanTestCase.testIndexedPropertyRestricted()	org.apache.commons.beanutils2.LazyDynaClass.getDynaProperty(String)
org.apache.commons.beanutils2.BeanUtilsTestCase.testSetPropertyWriteOnly()	org.apache.commons.beanutils2.BeanUtils.setProperty(Object,String,Object)
org.apache.commons.beanutils2.MappedPropertyDescriptor.setMappedReadMethod(Method)	org.apache.commons.beanutils2.MappedPropertyDescriptor.findMappedPropertyType()
org.apache.commons.beanutils2.DynaBeanUtilsTestCase.testSetPropertyNull()	org.apache.commons.beanutils2.BeanUtils.setProperty(Object,String,Object)
org.apache.commons.beanutils2.LazyDynaClassTestCase.testGetPropertyDoesntExist1()	org.apache.commons.beanutils2.DynaProperty.getType()
org.apache.commons.beanutils2.converters.NumberConverterTestBase.testNumberToStringPattern()	org.apache.commons.beanutils2.converters.NumberConverter.setPattern(String)
org.apache.commons.beanutils2.LazyDynaMapTestCase.main(String[])	org.apache.commons.beanutils2.LazyDynaMapTestCase.suite()
org.apache.commons.beanutils2.LazyDynaClassTestCase.testAddPropertyRestricted3()	org.apache.commons.beanutils2.LazyDynaClass.setRestricted(boolean)
org.apache.commons.beanutils2.PropertyUtilsTestCase.testSetMappedValues()	org.apache.commons.beanutils2.PropertyUtils.getNestedProperty(Object,String)
org.apache.commons.beanutils2.converters.DateConverterTestBase.testPatternDefault()	org.apache.commons.beanutils2.converters.DateConverterTestBase.makeConverter(Object)
org.apache.commons.beanutils2.LazyDynaClass.add(String)	org.apache.commons.beanutils2.LazyDynaClass.add(DynaProperty)
org.apache.commons.beanutils2.BeanPropertyValueEqualsPredicate.test(T)	org.apache.commons.beanutils2.BeanUtils.initCause(Throwable,Throwable)
org.apache.commons.beanutils2.PropertyUtilsTestCase.testGetNestedWriteOnly()	org.apache.commons.beanutils2.PropertyUtils.getNestedProperty(Object,String)
org.apache.commons.beanutils2.locale.converters.ByteLocaleConverterTestCase.tearDown()	org.apache.commons.beanutils2.locale.converters.BaseLocaleConverterTestCase.tearDown()
org.apache.commons.beanutils2.PropertyUtilsTestCase.testGetSimpleInt()	org.apache.commons.beanutils2.TestBean.getIntProperty()
org.apache.commons.beanutils2.LazyDynaListTestCase.testSerializationMap()	org.apache.commons.beanutils2.LazyDynaBean.get(String)
org.apache.commons.beanutils2.PropertyUtilsTestCase.testGetDescriptorWriteOnly()	org.apache.commons.beanutils2.PropertyUtilsTestCase.testGetDescriptorBase(String,String,String)
org.apache.commons.beanutils2.WeakFastHashMap.put(K,V)	org.apache.commons.beanutils2.WeakFastHashMap.cloneMap(Map<? extends K, ? extends V>)
org.apache.commons.beanutils2.MethodUtils.getAccessibleMethod(Class<?>,String,Class<?>)	org.apache.commons.beanutils2.MethodUtils.getCachedMethod(MethodDescriptor)
org.apache.commons.beanutils2.LazyDynaBean.get(String)	org.apache.commons.beanutils2.DynaClass.getDynaProperty(String)
org.apache.commons.beanutils2.PropertyUtils.getWriteMethod(PropertyDescriptor)	org.apache.commons.beanutils2.PropertyUtilsBean.getInstance()
org.apache.commons.beanutils2.BeanUtilsTestCase.testCopyPropertiesStandard()	org.apache.commons.beanutils2.TestBean.getDoubleProperty()
org.apache.commons.beanutils2.ConvertUtils.register(Converter,Class<?>)	org.apache.commons.beanutils2.ConvertUtilsBean.getInstance()
org.apache.commons.beanutils2.DynaPropertyUtilsTestCase.testSetNestedFloat()	org.apache.commons.beanutils2.TestBean.getFloatProperty()
org.apache.commons.beanutils2.LazyDynaBeanTestCase.testIndexedLinkedList()	org.apache.commons.beanutils2.LazyDynaClass.add(String,Class<?>)
org.apache.commons.beanutils2.PropertyUtilsTestCase.testSetIndexedArray()	org.apache.commons.beanutils2.PropertyUtils.setProperty(Object,String,Object)
org.apache.commons.beanutils2.LazyDynaList.transform(Object)	org.apache.commons.beanutils2.DynaClass.newInstance()
org.apache.commons.beanutils2.DynaRowSetTestCase.TestResultSetMetaDataInconsistent.getColumnClassName(int)	org.apache.commons.beanutils2.TestResultSetMetaData.getColumnName(int)
org.apache.commons.beanutils2.MappedPropertyTestCase.testInvalidSetter()	org.apache.commons.beanutils2.MappedPropertyDescriptor.getMappedReadMethod()
org.apache.commons.beanutils2.MethodUtilsTestCase.testInvokeExactMethodNull()	org.apache.commons.beanutils2.MethodUtils.invokeExactMethod(Object,String,Object)
org.apache.commons.beanutils2.BasicDynaBeanTestCase.testGetIndexedArguments()	org.apache.commons.beanutils2.DynaBean.get(String,int)
org.apache.commons.beanutils2.PropertyUtilsBean.setMappedProperty(Object,String,String,Object)	org.apache.commons.beanutils2.DynaBean.getDynaClass()
org.apache.commons.beanutils2.PropertyUtilsTestCase.testSetSimpleString()	org.apache.commons.beanutils2.PropertyUtils.setSimpleProperty(Object,String,Object)
org.apache.commons.beanutils2.LazyDynaBean.get(String,int)	org.apache.commons.beanutils2.LazyDynaBean.set(String,Object)
org.apache.commons.beanutils2.BeanUtilsTestCase.testCopyPropertyConvert()	org.apache.commons.beanutils2.TestBean.getDateProperty()
org.apache.commons.beanutils2.PropertyUtilsTestCase.testGetDescriptors()	org.apache.commons.beanutils2.PropertyUtils.getPropertyDescriptors(Object)
org.apache.commons.beanutils2.DynaBeanUtilsTestCase.testCopyPropertiesStandard()	org.apache.commons.beanutils2.TestBean.setShortProperty(short)
org.apache.commons.beanutils2.locale.LocaleBeanUtils.getMappedProperty(Object,String,String,String)	org.apache.commons.beanutils2.locale.LocaleBeanUtilsBean.getLocaleBeanUtilsInstance()
org.apache.commons.beanutils2.locale.LocaleConvertUtilsTestCase.testNegativeScalar()	org.apache.commons.beanutils2.locale.LocaleConvertUtils.convert(String,Class<?>)
org.apache.commons.beanutils2.BeanificationTestCase.testContextClassLoaderLocal()	org.apache.commons.beanutils2.BeanificationTestCase.Signal.getSignal()
org.apache.commons.beanutils2.BeanUtilsTestCase.testCopyPropertiesDynaBean()	org.apache.commons.beanutils2.DynaBeanUtilsTestCase.createDynaClass()
org.apache.commons.beanutils2.PropertyUtilsTestCase.testGetDescriptorArguments()	org.apache.commons.beanutils2.PropertyUtils.getPropertyDescriptor(Object,String)
org.apache.commons.beanutils2.BeanMapTestCase.testMethodAccessor()	org.apache.commons.beanutils2.BeanMap.getReadMethod(String)
org.apache.commons.beanutils2.bugs.Jira463TestCase.testSuppressClassProperty()	org.apache.commons.beanutils2.BeanUtilsBean.getPropertyUtils()
org.apache.commons.beanutils2.BeanMapTestCase.testBeanMapPutAllWriteable()	org.apache.commons.beanutils2.BeanMapTestCase.makeFullMap()
org.apache.commons.beanutils2.PropertyUtilsTestCase.testGetPublicSubBean_of_PackageBean()	org.apache.commons.beanutils2.priv.PackageBean.setBar(String)
org.apache.commons.beanutils2.LazyDynaBean.get(String,int)	org.apache.commons.beanutils2.DynaClass.getDynaProperty(String)
org.apache.commons.beanutils2.PropertyUtilsBean.getSimpleProperty(Object,String)	org.apache.commons.beanutils2.expression.Resolver.hasNested(String)
org.apache.commons.beanutils2.WeakFastHashMap.clone()	org.apache.commons.beanutils2.WeakFastHashMap.setFast(boolean)
org.apache.commons.beanutils2.bugs.Jira520TestCase.testAllowAccessToClassProperty()	org.apache.commons.beanutils2.PropertyUtilsBean.removeBeanIntrospector(BeanIntrospector)
org.apache.commons.beanutils2.LazyDynaClassTestCase.testAddPropertyRestricted2()	org.apache.commons.beanutils2.LazyDynaClass.add(String,Class<?>)
org.apache.commons.beanutils2.locale.LocaleBeanUtils.getIndexedProperty(Object,String,int,String)	org.apache.commons.beanutils2.locale.LocaleBeanUtilsBean.getIndexedProperty(Object,String,int,String)
org.apache.commons.beanutils2.LazyDynaList.transform(Object)	org.apache.commons.beanutils2.LazyDynaList.getDynaClass()
org.apache.commons.beanutils2.BeanUtils2TestCase.testSetPropertyConvertToStringArray()	org.apache.commons.beanutils2.TestBean.getStringArray()
org.apache.commons.beanutils2.DynaBeanUtilsTestCase.testPopulateMapped()	org.apache.commons.beanutils2.DynaBean.get(String,String)
org.apache.commons.beanutils2.converters.LocalTimeConverterTestCase.testSimpleConversion()	org.apache.commons.beanutils2.Converter.convert(Class<T>,Object)
org.apache.commons.beanutils2.BeanUtilsTestCase.setUpShared()	org.apache.commons.beanutils2.converters.DateTimeConverter.setPattern(String)
org.apache.commons.beanutils2.bugs.Jira456TestCase.testPropertyIsWritable()	org.apache.commons.beanutils2.bugs.Jira456TestCase.clearWriteMethodRef()
org.apache.commons.beanutils2.IndexedPropertyTestCase.testGetArray()	org.apache.commons.beanutils2.PropertyUtilsBean.getProperty(Object,String)
org.apache.commons.beanutils2.BeanUtilsBean.getSimpleProperty(Object,String)	org.apache.commons.beanutils2.BeanUtilsBean.getConvertUtils()
org.apache.commons.beanutils2.BeanUtilsBean.getArrayProperty(Object,String)	org.apache.commons.beanutils2.BeanUtilsBean.getPropertyUtils()
org.apache.commons.beanutils2.WrapDynaBeanTestCase.testIndexedProperties()	org.apache.commons.beanutils2.DynaBean.get(String,int)
org.apache.commons.beanutils2.locale.LocaleConvertUtils.convert(String,Class<?>,String)	org.apache.commons.beanutils2.locale.LocaleConvertUtilsBean.getInstance()
org.apache.commons.beanutils2.locale.LocaleBeanificationTestCase.testBeanUtilsBeanSetInstance()	org.apache.commons.beanutils2.locale.LocaleBeanificationTestCase.Signal.setBean(LocaleBeanUtilsBean)
org.apache.commons.beanutils2.DynaBeanUtilsTestCase.testCopyPropertyNestedMappedMap()	org.apache.commons.beanutils2.DynaBean.get(String)
org.apache.commons.beanutils2.bugs.Jira359TestCase.testBeanUtilsSetProperty_CustomConvertStringToArray_WithColonValue()	org.apache.commons.beanutils2.BeanUtilsBean.setProperty(Object,String,Object)
org.apache.commons.beanutils2.converters.DateConverterTestBase.invalidConversion(Converter,Object)	org.apache.commons.beanutils2.converters.DateConverterTestBase.getExpectedType()
org.apache.commons.beanutils2.DynaBeanUtilsTestCase.testPopulateMapped()	org.apache.commons.beanutils2.BeanUtils.populate(Object,Map<String, Object>)
org.apache.commons.beanutils2.LazyDynaMapTestCase.testMappedPropertyDefault()	org.apache.commons.beanutils2.LazyDynaMap.getDynaProperty(String)
org.apache.commons.beanutils2.FluentPropertyBeanIntrospector.introspect(IntrospectionContext)	org.apache.commons.beanutils2.FluentPropertyBeanIntrospector.getWriteMethodPrefix()
org.apache.commons.beanutils2.PropertyUtilsTestCase.testGetSimpleInt()	org.apache.commons.beanutils2.PropertyUtils.getSimpleProperty(Object,String)
org.apache.commons.beanutils2.MappedPropertyDescriptor.findMappedPropertyType()	org.apache.commons.beanutils2.MappedPropertyDescriptor.getMappedWriteMethod()
org.apache.commons.beanutils2.BeanUtilsTestCase.testCopyPropertyNestedIndexedArray()	org.apache.commons.beanutils2.TestBean.setIntArray(int[])
org.apache.commons.beanutils2.BeanUtilsBenchCase.setUp()	org.apache.commons.beanutils2.DynaClass.newInstance()
org.apache.commons.beanutils2.MappedPropertyTestCase.testPublicParentMethod()	org.apache.commons.beanutils2.MappedPropertyDescriptor.getMappedReadMethod()
org.apache.commons.beanutils2.MethodUtils.getMatchingAccessibleMethod(Class<?>,String,Class<?>)	org.apache.commons.beanutils2.MethodUtils.setMethodAccessible(Method)
org.apache.commons.beanutils2.LazyDynaMapTestCase.testIndexedObjectArray()	org.apache.commons.beanutils2.DynaProperty.getType()
org.apache.commons.beanutils2.LazyDynaMapTestCase.testIndexedInvalidType()	org.apache.commons.beanutils2.LazyDynaMap.getDynaProperty(String)
org.apache.commons.beanutils2.locale.LocaleBeanUtils.getMappedPropertyLocale(Object,String,String)	org.apache.commons.beanutils2.locale.LocaleBeanUtilsBean.getLocaleBeanUtilsInstance()
org.apache.commons.beanutils2.BeanUtilsTestCase.testCopyPropertiesStandard()	org.apache.commons.beanutils2.TestBean.setByteProperty(byte)
org.apache.commons.beanutils2.ConvertUtilsBean.convert(Object,Class<?>)	org.apache.commons.beanutils2.ConvertUtilsBean.lookup(Class<?>,Class<?>)
org.apache.commons.beanutils2.LazyDynaClassTestCase.testAddProperty2()	org.apache.commons.beanutils2.LazyDynaClass.getDynaProperty(String)
org.apache.commons.beanutils2.BeanificationTestCase.SetInstanceTesterThread.run()	org.apache.commons.beanutils2.BeanificationTestCase.Signal.setBean(BeanUtilsBean)
org.apache.commons.beanutils2.bugs.Jira18TestCase.testIssue_BEANUTILS_18_PropertyUtils_getProperty()	org.apache.commons.beanutils2.PropertyUtils.getProperty(Object,String)
org.apache.commons.beanutils2.bugs.Jira465TestCase.testArrayIndexedProperty()	org.apache.commons.beanutils2.bugs.Jira465TestCase.changeValue(Object)
org.apache.commons.beanutils2.PropertyUtilsTestCase.testRemoveBeanIntrospector()	org.apache.commons.beanutils2.PropertyUtils.addBeanIntrospector(BeanIntrospector)
org.apache.commons.beanutils2.locale.LocaleBeanUtils.definePropertyType(Object,String,String)	org.apache.commons.beanutils2.locale.LocaleBeanUtilsBean.getLocaleBeanUtilsInstance()
org.apache.commons.beanutils2.IndexedPropertyTestCase.testSetArrayList()	org.apache.commons.beanutils2.BeanUtilsBean.setProperty(Object,String,Object)
org.apache.commons.beanutils2.PropertyUtilsBean.copyProperties(Object,Object)	org.apache.commons.beanutils2.PropertyUtilsBean.getSimpleProperty(Object,String)
org.apache.commons.beanutils2.DynaPropertyUtilsTestCase.testGetSimpleArguments()	org.apache.commons.beanutils2.PropertyUtils.getSimpleProperty(Object,String)
org.apache.commons.beanutils2.BeanToPropertyValueTransformer.apply(T)	org.apache.commons.beanutils2.PropertyUtils.getProperty(Object,String)
org.apache.commons.beanutils2.LazyDynaBean.get(String,String)	org.apache.commons.beanutils2.DynaProperty.isMapped()
org.apache.commons.beanutils2.locale.LocaleConvertUtilsBean.convert(String,Class<?>,Locale,String)	org.apache.commons.beanutils2.locale.LocaleConverter.convert(Class<T>,Object,String)
org.apache.commons.beanutils2.PropertyUtilsBean.setMappedProperty(Object,String,String,Object)	org.apache.commons.beanutils2.PropertyUtilsBean.getReadMethod(Class<?>,PropertyDescriptor)
org.apache.commons.beanutils2.BeanUtils2TestCase.testCopyPropertyConvertToString()	org.apache.commons.beanutils2.BeanUtils.copyProperty(Object,String,Object)
org.apache.commons.beanutils2.BeanUtilsBenchCase.setUp()	org.apache.commons.beanutils2.BenchBean.getByteProperty()
org.apache.commons.beanutils2.LazyDynaListTestCase.testToArrayUnsufficientSize()	org.apache.commons.beanutils2.LazyDynaList.toArray(T[])
org.apache.commons.beanutils2.WrapDynaBean.set(String,Object)	org.apache.commons.beanutils2.WrapDynaBean.getPropertyUtils()
org.apache.commons.beanutils2.bugs.Jira61TestCase.testIssue_BEANUTILS_61_PropertyUtils_getProperty_Mapped()	org.apache.commons.beanutils2.bugs.other.Jira61BeanFactory.TestBean.getMappedReadOnly(String)
org.apache.commons.beanutils2.BasicDynaBeanTestCase.testSerialization()	org.apache.commons.beanutils2.BasicDynaBeanTestCase.testGetDescriptorBoolean()
org.apache.commons.beanutils2.DynaBeanUtilsTestCase.testCopyPropertyInteger()	org.apache.commons.beanutils2.BeanUtils.setProperty(Object,String,Object)
org.apache.commons.beanutils2.BasicDynaBeanTestCase.testGetSimpleFloat()	org.apache.commons.beanutils2.DynaBean.get(String)
org.apache.commons.beanutils2.BeanPropertyValueEqualsPredicateTestCase.testEvaluateWithReadOnlyProperty()	org.apache.commons.beanutils2.BeanPropertyValueEqualsPredicate.test(T)
org.apache.commons.beanutils2.PropertyUtilsBean.getInstance()	org.apache.commons.beanutils2.BeanUtilsBean.getInstance()
org.apache.commons.beanutils2.LazyDynaMapTestCase.testIndexedLinkedList()	org.apache.commons.beanutils2.LazyDynaBean.get(String)
org.apache.commons.beanutils2.bugs.Jira465TestCase.testListIndexedProperty()	org.apache.commons.beanutils2.bugs.Jira465TestCase.ListIndexedProp.getFoo(int)
org.apache.commons.beanutils2.bugs.Jira61TestCase.testIssue_BEANUTILS_61_PropertyUtils_getProperty_Indexed()	org.apache.commons.beanutils2.bugs.other.Jira61BeanFactory.TestBean.getIndexedReadOnly(int)
org.apache.commons.beanutils2.PropertyUtilsTestCase.testSetNestedDouble()	org.apache.commons.beanutils2.TestBean.getNested()
org.apache.commons.beanutils2.converters.CharacterConverterTestCase.testConvertToCharacter()	org.apache.commons.beanutils2.Converter.convert(Class<T>,Object)
org.apache.commons.beanutils2.converters.NumberConverter.setPattern(String)	org.apache.commons.beanutils2.converters.NumberConverter.setUseLocaleFormat(boolean)
org.apache.commons.beanutils2.PropertyUtilsBean.getNestedProperty(Object,String)	org.apache.commons.beanutils2.expression.Resolver.remove(String)
org.apache.commons.beanutils2.locale.LocaleBeanificationTestCase.testGetByContextClassLoader()	org.apache.commons.beanutils2.locale.LocaleBeanificationTestCase.Signal.getConvertUtils()
org.apache.commons.beanutils2.MethodUtilsTestCase.testNoCaching()	org.apache.commons.beanutils2.MethodUtils.clearCache()
org.apache.commons.beanutils2.PropertyUtilsTestCase.testSetIndexedList()	org.apache.commons.beanutils2.TestBean.getListIndexed()
org.apache.commons.beanutils2.PropertyUtilsBean.setIndexedProperty(Object,String,int,Object)	org.apache.commons.beanutils2.DynaBean.getDynaClass()
org.apache.commons.beanutils2.AbstractParent.testAddChild(Child)	org.apache.commons.beanutils2.Child.getName()
org.apache.commons.beanutils2.PropertyUtilsBean.getNestedProperty(Object,String)	org.apache.commons.beanutils2.expression.Resolver.hasNested(String)
org.apache.commons.beanutils2.PropertyUtilsBean.setNestedProperty(Object,String,Object)	org.apache.commons.beanutils2.PropertyUtilsBean.toPropertyMap(Object)
org.apache.commons.beanutils2.memoryleaktests.MemoryLeakTestCase.testLocaleConvertUtilsBean_converters_memoryLeak()	org.apache.commons.beanutils2.memoryleaktests.MemoryLeakTestCase.profilerLeakReport(String,String)
org.apache.commons.beanutils2.PropertyUtilsBenchCase.testCopyPropertiesDyna()	org.apache.commons.beanutils2.PropertyUtilsBean.copyProperties(Object,Object)
org.apache.commons.beanutils2.BasicDynaBeanTestCase.testSetSimpleShort()	org.apache.commons.beanutils2.DynaBean.set(String,Object)
org.apache.commons.beanutils2.locale.LocaleConvertUtilsBean.lookup(Locale)	org.apache.commons.beanutils2.locale.LocaleConvertUtilsBean.create(Locale)
org.apache.commons.beanutils2.LazyDynaBeanTestCase.testSimplePropertyRestricted()	org.apache.commons.beanutils2.LazyDynaClass.isRestricted()
org.apache.commons.beanutils2.LazyDynaClassTestCase.testGetPropertyDoesntExist2()	org.apache.commons.beanutils2.LazyDynaClass.isReturnNull()
org.apache.commons.beanutils2.ConvertUtilsBean.convert(Object)	org.apache.commons.beanutils2.ConvertUtilsBean.lookup(Class<?>)
org.apache.commons.beanutils2.PropertyUtils.getMappedProperty(Object,String,String)	org.apache.commons.beanutils2.PropertyUtilsBean.getInstance()
org.apache.commons.beanutils2.BeanificationTestCase.testContextClassLoaderUnset()	org.apache.commons.beanutils2.ContextClassLoaderLocal.get()
org.apache.commons.beanutils2.LazyDynaBean.createProperty(String,Class<?>)	org.apache.commons.beanutils2.LazyDynaBean.createNumberProperty(String,Class<?>)
org.apache.commons.beanutils2.PropertyUtilsTestCase.testSetNoGetter()	org.apache.commons.beanutils2.BeanUtils.setProperty(Object,String,Object)
org.apache.commons.beanutils2.PropertyUtilsTestCase.testSetNestedBoolean()	org.apache.commons.beanutils2.PropertyUtils.setNestedProperty(Object,String,Object)
org.apache.commons.beanutils2.PropertyUtilsBean.isReadable(Object,String)	org.apache.commons.beanutils2.PropertyUtilsBean.getProperty(Object,String)
org.apache.commons.beanutils2.PropsFirstPropertyUtilsBean.getPropertyOfMapBean(Map<?, ?>,String)	org.apache.commons.beanutils2.PropertyUtilsBean.getSimpleProperty(Object,String)
org.apache.commons.beanutils2.DynaPropertyUtilsTestCase.testSetIndexedArguments()	org.apache.commons.beanutils2.PropertyUtils.setIndexedProperty(Object,String,int,Object)
org.apache.commons.beanutils2.bugs.Jira18TestCase.testIssue_BEANUTILS_18_PropertyUtils_getProperty_Mapped()	org.apache.commons.beanutils2.PropertyUtils.getProperty(Object,String)
org.apache.commons.beanutils2.ConvertingWrapDynaBean.set(String,Object)	org.apache.commons.beanutils2.BeanUtils.copyProperty(Object,String,Object)
org.apache.commons.beanutils2.BeanMapTestCase.makeFullMap()	org.apache.commons.beanutils2.BeanMapTestCase.BeanWithProperties.setSomeStringValue(String)
org.apache.commons.beanutils2.DynaBeanUtilsTestCase.testGetArrayProperty()	org.apache.commons.beanutils2.DynaBean.get(String)
org.apache.commons.beanutils2.MethodUtilsTestCase.testInvokeMethodArray()	org.apache.commons.beanutils2.MethodUtils.invokeMethod(Object,String,Object[])
org.apache.commons.beanutils2.PropertyUtilsTestCase.testSetNestedShort()	org.apache.commons.beanutils2.PropertyUtils.setNestedProperty(Object,String,Object)
org.apache.commons.beanutils2.BeanUtilsBean.getNestedProperty(Object,String)	org.apache.commons.beanutils2.BeanUtilsBean.getConvertUtils()
org.apache.commons.beanutils2.BeanUtilsBean.setProperty(Object,String,Object)	org.apache.commons.beanutils2.DynaClass.getDynaProperty(String)
org.apache.commons.beanutils2.MethodUtils.invokeExactStaticMethod(Class<?>,String,Object[],Class<?>)	org.apache.commons.beanutils2.MethodUtils.getAccessibleMethod(Class<?>,String,Class<?>)
org.apache.commons.beanutils2.WeakFastHashMap.clear()	org.apache.commons.beanutils2.WeakFastHashMap.createMap()
org.apache.commons.beanutils2.LazyDynaMap.add(String)	org.apache.commons.beanutils2.LazyDynaMap.add(String,Class<?>)
org.apache.commons.beanutils2.MethodUtilsTestCase.testSimpleStatic1()	org.apache.commons.beanutils2.MethodUtils.invokeMethod(Object,String,Object[],Class<?>)
org.apache.commons.beanutils2.DynaBeanMapDecoratorTestCase.testContainsKey()	org.apache.commons.beanutils2.DynaProperty.getName()
org.apache.commons.beanutils2.BasicDynaBeanTestCase.testGetIndexedValues()	org.apache.commons.beanutils2.DynaBean.get(String,int)
org.apache.commons.beanutils2.LazyDynaMapTestCase.testIndexedPropertyUtils()	org.apache.commons.beanutils2.LazyDynaBean.get(String,int)
org.apache.commons.beanutils2.BeanificationTestCase.testBeanUtilsBeanSetInstance()	org.apache.commons.beanutils2.BeanificationTestCase.Signal.getBean()
org.apache.commons.beanutils2.BeanUtils.copyProperty(Object,String,Object)	org.apache.commons.beanutils2.BeanUtilsBean.getInstance()
org.apache.commons.beanutils2.bugs.Jira369TestCase.testBeanUtilsGetProperty_bRatedCd()	org.apache.commons.beanutils2.bugs.Jira369TestCase.TestBean.setbRatedCd(String)
org.apache.commons.beanutils2.LazyDynaList.set(int,Object)	org.apache.commons.beanutils2.LazyDynaList.growList(int)
org.apache.commons.beanutils2.DynaResultSetTestCase.testGetName()	org.apache.commons.beanutils2.JDBCDynaClass.getName()
org.apache.commons.beanutils2.LazyDynaBeanTestCase.testIndexedPropertyUtils()	org.apache.commons.beanutils2.LazyDynaBean.get(String,int)
org.apache.commons.beanutils2.PropertyUtilsTestCase.testSetNestedUnknown()	org.apache.commons.beanutils2.PropertyUtils.setNestedProperty(Object,String,Object)
org.apache.commons.beanutils2.PropertyUtilsTestCase.testNestedWithIndex()	org.apache.commons.beanutils2.NestedTestBean.getTestString()
org.apache.commons.beanutils2.bugs.Jira368TestCase.testBeanUtilsSetProperty_NullBean()	org.apache.commons.beanutils2.BeanUtils.setProperty(Object,String,Object)
org.apache.commons.beanutils2.converters.AbstractConverter.handleMissing(Class<T>)	org.apache.commons.beanutils2.converters.AbstractConverter.convertToType(Class<T>,Object)
org.apache.commons.beanutils2.BeanUtils.getIndexedProperty(Object,String,int)	org.apache.commons.beanutils2.BeanUtilsBean.getIndexedProperty(Object,String,int)
org.apache.commons.beanutils2.locale.LocaleBeanificationTestCase.testGetByContextClassLoader()	org.apache.commons.beanutils2.locale.LocaleBeanUtilsBean.getLocaleBeanUtilsInstance()
org.apache.commons.beanutils2.LazyDynaMapTestCase.testMappedInvalidType()	org.apache.commons.beanutils2.LazyDynaMap.set(String,Object)
org.apache.commons.beanutils2.BasicDynaBeanTestCase.testGetDescriptorShort()	org.apache.commons.beanutils2.BasicDynaBeanTestCase.testGetDescriptorBase(String,Class<?>)
org.apache.commons.beanutils2.BeanPropertyValueChangeConsumerTestCase.testExecuteWithSimpleBooleanPropertyAndBooleanValue()	org.apache.commons.beanutils2.BeanPropertyValueChangeConsumer.accept(Object)
org.apache.commons.beanutils2.LazyDynaListTestCase.testDynaBeanType()	org.apache.commons.beanutils2.LazyDynaListTestCase.dynaBeanTest(LazyDynaList,Class<?>,DynaClass,Object)
org.apache.commons.beanutils2.BeanUtilsTestCase.testCopyPropertiesDynaBean()	org.apache.commons.beanutils2.TestBean.getStringProperty()
org.apache.commons.beanutils2.WrapDynaBeanTestCase.testIndexedProperties()	org.apache.commons.beanutils2.TestBean.getStringIndexed(int)
org.apache.commons.beanutils2.BeanUtilsTestCase.testCopyPropertiesStandard()	org.apache.commons.beanutils2.TestBean.getIntArray()
org.apache.commons.beanutils2.IndexedPropertyTestCase.testSetListItemB()	org.apache.commons.beanutils2.PropertyUtilsBean.setIndexedProperty(Object,String,int,Object)
org.apache.commons.beanutils2.converters.DateConverterTestBase.testPatternDefault()	org.apache.commons.beanutils2.converters.DateConverterTestBase.toType(String,String,Locale)
org.apache.commons.beanutils2.BeanUtilsTestCase.testGetGeneralProperty()	org.apache.commons.beanutils2.TestBean.getIntIndexed(int)
org.apache.commons.beanutils2.WrapDynaBean.getDynaProperty(String)	org.apache.commons.beanutils2.WrapDynaBean.getDynaClass()
org.apache.commons.beanutils2.converters.NumberConverter.toString()	org.apache.commons.beanutils2.converters.AbstractConverter.toString(Class<?>)
org.apache.commons.beanutils2.DynaPropertyUtilsTestCase.testGetNestedUnknown()	org.apache.commons.beanutils2.PropertyUtils.getNestedProperty(Object,String)
org.apache.commons.beanutils2.DynaBeanUtilsTestCase.testCopyPropertyNestedMappedMap()	org.apache.commons.beanutils2.TestBean.getMapProperty()
org.apache.commons.beanutils2.locale.LocaleBeanUtilsBean.setProperty(Object,String,Object,String)	org.apache.commons.beanutils2.PropertyUtilsBean.getResolver()
org.apache.commons.beanutils2.LazyDynaClassTestCase.testAddProperty2()	org.apache.commons.beanutils2.DynaProperty.getName()
org.apache.commons.beanutils2.BeanUtilsTestCase.testCopyPropertyConvertToStringIndexed()	org.apache.commons.beanutils2.TestBean.getStringArray()
org.apache.commons.beanutils2.PropertyUtilsTestCase.testGetNestedFloat()	org.apache.commons.beanutils2.TestBean.getNested()
org.apache.commons.beanutils2.PropertyUtilsBean.getIndexedProperty(Object,String,int)	org.apache.commons.beanutils2.PropertyUtilsBean.invokeMethod(Method,Object,Object[])
org.apache.commons.beanutils2.PropertyUtilsTestCase.testGetPublicSubBean_of_PackageBean()	org.apache.commons.beanutils2.priv.PublicSubBean.setFoo(String)
org.apache.commons.beanutils2.LazyDynaMapTestCase.testIndexedPropertyUtils()	org.apache.commons.beanutils2.LazyDynaMap.setReturnNull(boolean)
org.apache.commons.beanutils2.memoryleaktests.MemoryLeakTestCase.testConvertUtilsBean_converters_memoryLeak()	org.apache.commons.beanutils2.ConvertUtils.register(Converter,Class<?>)
org.apache.commons.beanutils2.PropertyUtilsBean.isWriteable(Object,String)	org.apache.commons.beanutils2.expression.Resolver.remove(String)
org.apache.commons.beanutils2.locale.LocaleConvertUtilsBean.deregister(Class<?>,Locale)	org.apache.commons.beanutils2.locale.LocaleConvertUtilsBean.lookup(Locale)
org.apache.commons.beanutils2.MappedPropertyTestCase.testFound()	org.apache.commons.beanutils2.MappedPropertyDescriptor.getMappedReadMethod()
org.apache.commons.beanutils2.BeanUtils.getMappedProperty(Object,String)	org.apache.commons.beanutils2.BeanUtilsBean.getMappedProperty(Object,String)
org.apache.commons.beanutils2.BasicDynaBeanTestCase.testGetSimpleLong()	org.apache.commons.beanutils2.DynaBean.get(String)
org.apache.commons.beanutils2.bugs.Jira359TestCase.testBeanUtilsSetProperty_CustomConvertStringToArray_WithColonValue()	org.apache.commons.beanutils2.converters.ArrayConverter.setAllowedChars(char[])
org.apache.commons.beanutils2.DynaRowSetTestCase.testInconsistentOracleDriver()	org.apache.commons.beanutils2.DynaProperty.getName()
org.apache.commons.beanutils2.memoryleaktests.MemoryLeakTestCase.testPropertyUtilsBean_mappedDescriptorsCache_memoryLeak()	org.apache.commons.beanutils2.PropertyUtils.getProperty(Object,String)
org.apache.commons.beanutils2.BeanMapTestCase.testBeanMapPutAllWriteable()	org.apache.commons.beanutils2.BeanMap.putAllWriteable(BeanMap)
org.apache.commons.beanutils2.BeanUtilsTestCase.testSetPropertyConvertToStringArray()	org.apache.commons.beanutils2.TestBean.setStringArray(String[])
org.apache.commons.beanutils2.LazyDynaListTestCase.testCollection(LazyDynaList,Class<?>,DynaClass,Object)	org.apache.commons.beanutils2.LazyDynaList.toArray()
org.apache.commons.beanutils2.DynaPropertyUtilsTestCase.setUp()	org.apache.commons.beanutils2.DynaPropertyUtilsTestCase.createDynaClass()
org.apache.commons.beanutils2.converters.DateConverterTestBase.testMultiplePatterns()	org.apache.commons.beanutils2.converters.DateConverterTestBase.toType(String,String,Locale)
org.apache.commons.beanutils2.converters.SqlDateConverterTestCase.testDefaultTypeToStringConvert()	org.apache.commons.beanutils2.converters.AbstractConverter.convert(Class<T>,Object)
org.apache.commons.beanutils2.converters.SqlTimeConverterTestCase.testDefaultStringToTypeConvert()	org.apache.commons.beanutils2.converters.DateTimeConverter.setUseLocaleFormat(boolean)
org.apache.commons.beanutils2.LazyDynaListTestCase.pojoTest(LazyDynaList,Class<?>,Object)	org.apache.commons.beanutils2.LazyDynaList.toArray()
org.apache.commons.beanutils2.BeanMapTestCase.testExceptionThrowFromClone()	org.apache.commons.beanutils2.PropertyUtils.getProperty(Object,String)
org.apache.commons.beanutils2.MappedPropertyTestCase.testBooleanMapped()	org.apache.commons.beanutils2.MappedPropertyDescriptor.getMappedWriteMethod()
org.apache.commons.beanutils2.bugs.Jira456TestCase.clearWriteMethodRef()	org.apache.commons.beanutils2.PropertyUtilsBean.getPropertyDescriptor(Object,String)
org.apache.commons.beanutils2.converters.MemoryTestCase.testComponentRegistersCustomConverter()	org.apache.commons.beanutils2.ConvertUtils.register(Converter,Class<?>)
org.apache.commons.beanutils2.ConvertUtilsBean.registerStandard(boolean,boolean)	org.apache.commons.beanutils2.ConvertUtilsBean.register(Class<?>,Converter)
org.apache.commons.beanutils2.MethodUtils.getObjectTransformationCost(Class<?>,Class<?>)	org.apache.commons.beanutils2.MethodUtils.isAssignmentCompatible(Class<?>,Class<?>)
org.apache.commons.beanutils2.LazyDynaMapTestCase.testMappedPropertyUtils()	org.apache.commons.beanutils2.LazyDynaMap.setReturnNull(boolean)
org.apache.commons.beanutils2.LazyDynaBeanTestCase.testMappedPropertyUtils()	org.apache.commons.beanutils2.LazyDynaClass.isDynaProperty(String)
org.apache.commons.beanutils2.BeanificationTestCase.testGetByContextClassLoader()	org.apache.commons.beanutils2.BeanificationTestCase.Signal.getSignal()
org.apache.commons.beanutils2.LazyDynaClass.add(DynaProperty)	org.apache.commons.beanutils2.LazyDynaClass.isRestricted()
org.apache.commons.beanutils2.PropertyUtilsTestCase.testGetIndexedList()	org.apache.commons.beanutils2.PropertyUtils.getProperty(Object,String)
org.apache.commons.beanutils2.DynaPropertyUtilsTestCase.testGetNestedLong()	org.apache.commons.beanutils2.PropertyUtils.getNestedProperty(Object,String)
org.apache.commons.beanutils2.PropertyUtilsTestCase.testMapExtensionDefault()	org.apache.commons.beanutils2.PropertyUtils.getNestedProperty(Object,String)
org.apache.commons.beanutils2.PropertyUtilsTestCase.testGetNestedDouble()	org.apache.commons.beanutils2.PropertyUtils.getNestedProperty(Object,String)
org.apache.commons.beanutils2.locale.LocaleConvertUtilsBean.getInstance()	org.apache.commons.beanutils2.locale.LocaleBeanUtilsBean.getLocaleBeanUtilsInstance()
org.apache.commons.beanutils2.bugs.Jira61TestCase.beforeAll()	org.apache.commons.beanutils2.bugs.other.Jira61BeanFactory.createBean()
org.apache.commons.beanutils2.LazyDynaMapTestCase.testIndexedPropertyRestricted()	org.apache.commons.beanutils2.LazyDynaBean.get(String)
org.apache.commons.beanutils2.converters.NumberConverter.parse(Class<?>,Class<?>,String,NumberFormat)	org.apache.commons.beanutils2.converters.AbstractConverter.log()
org.apache.commons.beanutils2.PropertyUtils.getProperty(Object,String)	org.apache.commons.beanutils2.PropertyUtilsBean.getProperty(Object,String)
org.apache.commons.beanutils2.PropertyUtils.getReadMethod(PropertyDescriptor)	org.apache.commons.beanutils2.PropertyUtilsBean.getReadMethod(PropertyDescriptor)
org.apache.commons.beanutils2.PropertyUtilsTestCase.testNestedWithIndex()	org.apache.commons.beanutils2.NestedTestBean.init()
org.apache.commons.beanutils2.PropertyUtilsBean.copyProperties(Object,Object)	org.apache.commons.beanutils2.DynaBean.get(String)
org.apache.commons.beanutils2.converters.NumberConverterTestBase.testConvertNull()	org.apache.commons.beanutils2.converters.AbstractConverter.convert(Class<T>,Object)
org.apache.commons.beanutils2.memoryleaktests.MemoryLeakTestCase.testMappedPropertyDescriptor_MappedMethodReference2()	org.apache.commons.beanutils2.memoryleaktests.MemoryLeakTestCase.newClassLoader()
org.apache.commons.beanutils2.locale.LocaleBeanUtilsTestCase.testSetNestedPropertySimple()	org.apache.commons.beanutils2.TestBean.getIntProperty()
org.apache.commons.beanutils2.converters.PathConverterTestCase.setUp()	org.apache.commons.beanutils2.converters.PathConverterTestCase.makeConverter()
org.apache.commons.beanutils2.LazyDynaMapTestCase.testIndexedObjectArray()	org.apache.commons.beanutils2.LazyDynaBean.set(String,int,Object)
org.apache.commons.beanutils2.locale.LocaleBeanUtils.getNestedProperty(Object,String,String)	org.apache.commons.beanutils2.locale.LocaleBeanUtilsBean.getNestedProperty(Object,String,String)
org.apache.commons.beanutils2.bugs.Jira492TestCase.getProperty()	org.apache.commons.beanutils2.BeanUtilsBean.getProperty(Object,String)
org.apache.commons.beanutils2.LazyDynaMapTestCase.testIndexedDynaBeanArray()	org.apache.commons.beanutils2.LazyDynaBean.get(String)
org.apache.commons.beanutils2.DynaRowSetTestCase.testLimitedRows()	org.apache.commons.beanutils2.RowSetDynaClass.getRows()
org.apache.commons.beanutils2.locale.converters.IntegerLocaleConverter.parse(Object,String)	org.apache.commons.beanutils2.locale.converters.DecimalLocaleConverter.parse(Object,String)
org.apache.commons.beanutils2.BeanUtilsBean.getMappedProperty(Object,String,String)	org.apache.commons.beanutils2.PropertyUtilsBean.getMappedProperty(Object,String,String)
org.apache.commons.beanutils2.locale.LocaleBeanificationTestCase.setUp()	org.apache.commons.beanutils2.locale.LocaleConvertUtils.deregister()
org.apache.commons.beanutils2.locale.LocaleBeanUtils.getIndexedProperty(Object,String,String)	org.apache.commons.beanutils2.locale.LocaleBeanUtilsBean.getIndexedProperty(Object,String,String)
org.apache.commons.beanutils2.locale.LocaleBeanUtils.getMappedProperty(Object,String)	org.apache.commons.beanutils2.locale.LocaleBeanUtilsBean.getLocaleBeanUtilsInstance()
org.apache.commons.beanutils2.BasicDynaBeanTestCase.testSerialization()	org.apache.commons.beanutils2.BasicDynaBeanTestCase.testGetMappedArguments()
org.apache.commons.beanutils2.BeanUtilsTestCase.testPopulateScalar()	org.apache.commons.beanutils2.TestBean.getWriteOnlyPropertyValue()
org.apache.commons.beanutils2.BeanUtils2TestCase.setUp()	org.apache.commons.beanutils2.BeanUtilsBean.setInstance(BeanUtilsBean)
org.apache.commons.beanutils2.DynaBeanMapDecoratorTestCase.testEntrySet()	org.apache.commons.beanutils2.DynaBeanMapDecoratorTestCase.checkUnmodifiable(String,Collection<E>,E)
org.apache.commons.beanutils2.DefaultIntrospectionContextTestCase.testAddPropertyDescriptors()	org.apache.commons.beanutils2.DefaultIntrospectionContext.propertyNames()
org.apache.commons.beanutils2.converters.DateConverterTestBase.testMultiplePatterns()	org.apache.commons.beanutils2.converters.DateTimeConverter.setPatterns(String[])
org.apache.commons.beanutils2.LazyDynaListTestCase.pojoTest(LazyDynaList,Class<?>,Object)	org.apache.commons.beanutils2.LazyDynaList.get(int)
org.apache.commons.beanutils2.DefaultBeanIntrospector.introspect(IntrospectionContext)	org.apache.commons.beanutils2.IntrospectionContext.addPropertyDescriptors(PropertyDescriptor[])
org.apache.commons.beanutils2.DynaBeanUtilsTestCase.testCopyPropertiesStandard()	org.apache.commons.beanutils2.TestBean.setIntArray(int[])
org.apache.commons.beanutils2.IndexedPropertyTestCase.testListIndexedReadMethod()	org.apache.commons.beanutils2.PropertyUtilsBean.getPropertyDescriptor(Object,String)
org.apache.commons.beanutils2.BeanMap.setBean(Object)	org.apache.commons.beanutils2.BeanMap.reinitialise()
org.apache.commons.beanutils2.MappedPropertyTestCase.testMapGetter()	org.apache.commons.beanutils2.BeanUtils.setProperty(Object,String,Object)
org.apache.commons.beanutils2.LazyDynaBean.get(String,int)	org.apache.commons.beanutils2.DynaProperty.isIndexed()
org.apache.commons.beanutils2.PropertyUtilsBean.getPropertyType(Object,String)	org.apache.commons.beanutils2.DynaClass.getDynaProperty(String)
org.apache.commons.beanutils2.bugs.Jira347TestCase.testMappedPropertyDescriptor_AnyArgsProperty()	org.apache.commons.beanutils2.bugs.Jira347TestCase.newClassLoader()
org.apache.commons.beanutils2.LazyDynaClassTestCase.main(String[])	org.apache.commons.beanutils2.LazyDynaClassTestCase.suite()
org.apache.commons.beanutils2.converters.AbstractConverter.toTrim(Object)	org.apache.commons.beanutils2.converters.AbstractConverter.toString(Object)
org.apache.commons.beanutils2.PropertyUtilsBean.setIndexedProperty(Object,String,int,Object)	org.apache.commons.beanutils2.MethodUtils.getAccessibleMethod(Class<?>,Method)
org.apache.commons.beanutils2.locale.LocaleBeanificationTestCase.TestIndependenceThread.run()	org.apache.commons.beanutils2.locale.LocaleBeanificationTestCase.Signal.setSignal(int)
org.apache.commons.beanutils2.WrapDynaBeanTestCase.testNewInstance()	org.apache.commons.beanutils2.WrapDynaClass.createDynaClass(Class<?>)
org.apache.commons.beanutils2.LazyDynaBean.get(String)	org.apache.commons.beanutils2.LazyDynaBean.isDynaProperty(String)
org.apache.commons.beanutils2.converters.MonthDayConverterTestCase.testUnsupportedType()	org.apache.commons.beanutils2.Converter.convert(Class<T>,Object)
org.apache.commons.beanutils2.LazyDynaBeanTestCase.testIndexedObjectArray()	org.apache.commons.beanutils2.LazyDynaBean.set(String,int,Object)
org.apache.commons.beanutils2.MethodUtilsTestCase.testInvokeExactMethodNullArray()	org.apache.commons.beanutils2.MethodUtils.invokeExactMethod(Object,String,Object)
org.apache.commons.beanutils2.locale.LocaleBeanUtils.getProperty(Object,String)	org.apache.commons.beanutils2.locale.LocaleBeanUtilsBean.getProperty(Object,String)
org.apache.commons.beanutils2.locale.LocaleBeanUtilsBean.getSimpleProperty(Object,String,String)	org.apache.commons.beanutils2.BeanUtilsBean.getPropertyUtils()
org.apache.commons.beanutils2.BeanPropertyValueEqualsPredicateTestCase.testEvaluateWithNestedProperty()	org.apache.commons.beanutils2.BeanPropertyValueEqualsPredicate.test(T)
org.apache.commons.beanutils2.bugs.Jira18TestCase.testIssue_BEANUTILS_18_PropertyUtils_setProperty_Indexed()	org.apache.commons.beanutils2.PropertyUtils.setProperty(Object,String,Object)
org.apache.commons.beanutils2.BasicDynaBeanTestCase.testSetSimpleBoolean()	org.apache.commons.beanutils2.DynaBean.set(String,Object)
org.apache.commons.beanutils2.converters.ArrayConverterTestCase.testEmptyString()	org.apache.commons.beanutils2.converters.AbstractConverter.convert(Class<T>,Object)
org.apache.commons.beanutils2.LazyDynaList.toArray(T[])	org.apache.commons.beanutils2.WrapDynaBean.getInstance()
org.apache.commons.beanutils2.IndexedPropertyTestCase.testSetArrayItemA()	org.apache.commons.beanutils2.IndexedTestBean.getStringArray(int)
org.apache.commons.beanutils2.BeanUtils2TestCase.testSetPropertyConvertToString()	org.apache.commons.beanutils2.TestBean.getStringProperty()
org.apache.commons.beanutils2.DynaPropertyUtilsTestCase.testSetNestedLong()	org.apache.commons.beanutils2.PropertyUtils.setNestedProperty(Object,String,Object)
org.apache.commons.beanutils2.converters.URLConverterTestCase.testSimpleConversion()	org.apache.commons.beanutils2.converters.AbstractConverter.convert(Class<T>,Object)
org.apache.commons.beanutils2.PropertyUtilsTestCase.testGetNestedLong()	org.apache.commons.beanutils2.PropertyUtils.getNestedProperty(Object,String)
org.apache.commons.beanutils2.converters.DateTimeConverter.convertToString(Object)	org.apache.commons.beanutils2.converters.DateTimeConverter.logFormat(String,DateFormat)
org.apache.commons.beanutils2.LazyDynaBeanTestCase.testIndexedPrimitiveArray()	org.apache.commons.beanutils2.LazyDynaBean.get(String)
org.apache.commons.beanutils2.bugs.Jira298TestCase.testIssue_BEANUTILS_298_MethodUtils_getAccessibleMethod()	org.apache.commons.beanutils2.MethodUtils.getAccessibleMethod(Class<?>,String,Class<?>)
org.apache.commons.beanutils2.bugs.Jira273TestCase.testIssue_BEANUTILS_273_AnonymousOverridden()	org.apache.commons.beanutils2.bugs.other.Jira273BeanFactory.createAnonymousOverridden()
org.apache.commons.beanutils2.BeanMapTestCase.testExceptionThrowFromPut()	org.apache.commons.beanutils2.BeanUtilsTestCase.isPre14JVM()
org.apache.commons.beanutils2.BeanUtilsBean.copyProperty(Object,String,Object)	org.apache.commons.beanutils2.DynaBean.getDynaClass()
org.apache.commons.beanutils2.IndexedPropertyTestCase.testListReadMethod()	org.apache.commons.beanutils2.PropertyUtilsBean.getPropertyDescriptor(Object,String)
org.apache.commons.beanutils2.BaseDynaBeanMapDecorator.entrySet()	org.apache.commons.beanutils2.BaseDynaBeanMapDecorator.convertKey(String)
org.apache.commons.beanutils2.PropertyUtilsBean.getPropertyDescriptor(Object,String)	org.apache.commons.beanutils2.PropertyUtilsBean.getProperty(Object,String)
org.apache.commons.beanutils2.bugs.Jira61TestCase.testIssue_BEANUTILS_61_PropertyUtils_copyProperties_from_WrapDynaBean()	org.apache.commons.beanutils2.bugs.other.Jira61BeanFactory.createBean()
org.apache.commons.beanutils2.MethodUtils.invokeMethod(Object,String,Object[])	org.apache.commons.beanutils2.MethodUtils.invokeMethod(Object,String,Object[],Class<?>)
org.apache.commons.beanutils2.locale.LocaleBeanUtilsBean.getApplyLocalized()	org.apache.commons.beanutils2.locale.LocaleConvertUtilsBean.getApplyLocalized()
org.apache.commons.beanutils2.LazyDynaMapTestCase.testIndexedPrimitiveArray()	org.apache.commons.beanutils2.DynaProperty.getType()
org.apache.commons.beanutils2.LazyDynaBean.set(String,Object)	org.apache.commons.beanutils2.LazyDynaBean.isAssignable(Class<?>,Class<?>)
org.apache.commons.beanutils2.PropertyUtilsBean.isWriteable(Object,String)	org.apache.commons.beanutils2.WrapDynaBean.getInstance()
org.apache.commons.beanutils2.WrapDynaBean.get(String,String)	org.apache.commons.beanutils2.WrapDynaBean.getPropertyUtils()
org.apache.commons.beanutils2.PropertyUtilsBean.copyProperties(Object,Object)	org.apache.commons.beanutils2.PropertyUtilsBean.isReadable(Object,String)
org.apache.commons.beanutils2.BeanificationTestCase.testGetByContextClassLoader()	org.apache.commons.beanutils2.ConvertUtilsBean.getInstance()
org.apache.commons.beanutils2.BeanUtilsTestCase.testPopulateNested()	org.apache.commons.beanutils2.TestBean.getNested()
org.apache.commons.beanutils2.BeanToPropertyValueTransformerTestCase.testTransformWithNestedProperty()	org.apache.commons.beanutils2.BeanToPropertyValueTransformer.apply(T)
org.apache.commons.beanutils2.converters.ZoneIdConverterTestCase.testSimpleConversion()	org.apache.commons.beanutils2.Converter.convert(Class<T>,Object)
org.apache.commons.beanutils2.converters.YearMonthConverterTestCase.testUnsupportedType()	org.apache.commons.beanutils2.Converter.convert(Class<T>,Object)
org.apache.commons.beanutils2.BeanPropertyValueEqualsPredicateTestCase.testEvaluateWithMappedProperty()	org.apache.commons.beanutils2.TestBean.setMappedProperty(String,String)
org.apache.commons.beanutils2.bugs.Jira359TestCase.testBeanUtilsSetProperty_DefaultConvertStringToArray_WithoutColonValueAndNocoma()	org.apache.commons.beanutils2.bugs.Jira359TestCase.SimplePojoData.getJcrMixinTypes()
org.apache.commons.beanutils2.PropertyUtilsBean.isReadable(Object,String)	org.apache.commons.beanutils2.MappedPropertyDescriptor.getMappedReadMethod()
org.apache.commons.beanutils2.expression.DefaultResolverTestCase.testIsMapped()	org.apache.commons.beanutils2.expression.DefaultResolverTestCase.label(String,int)
org.apache.commons.beanutils2.LazyDynaBean.set(String,String,Object)	org.apache.commons.beanutils2.DynaProperty.isMapped()
org.apache.commons.beanutils2.WrapDynaBean.set(String,Object)	org.apache.commons.beanutils2.PropertyUtilsBean.setSimpleProperty(Object,String,Object)
org.apache.commons.beanutils2.LazyDynaBeanTestCase.testSimplePropertyRestricted()	org.apache.commons.beanutils2.LazyDynaClass.setRestricted(boolean)
org.apache.commons.beanutils2.DynaBeanUtilsTestCase.testCopyPropertyDouble()	org.apache.commons.beanutils2.BeanUtils.setProperty(Object,String,Object)
org.apache.commons.beanutils2.BeanUtilsTestCase.testCopyPropertiesDynaBean()	org.apache.commons.beanutils2.DynaClass.newInstance()
org.apache.commons.beanutils2.DynaPropertyUtilsTestCase.testGetSimpleNested()	org.apache.commons.beanutils2.PropertyUtils.getSimpleProperty(Object,String)
org.apache.commons.beanutils2.BasicDynaBeanTestCase.testSerialization()	org.apache.commons.beanutils2.BasicDynaBeanTestCase.testGetSimpleArguments()
org.apache.commons.beanutils2.WrapDynaBeanTestCase.testIntrospectionWithCustomPropUtils()	org.apache.commons.beanutils2.DynaBean.set(String,Object)
org.apache.commons.beanutils2.LazyDynaBean.set(String,Object)	org.apache.commons.beanutils2.MutableDynaClass.add(String)
org.apache.commons.beanutils2.LazyDynaClass.add(String,Class<?>)	org.apache.commons.beanutils2.LazyDynaClass.add(String)
org.apache.commons.beanutils2.PropertyUtilsTestCase.testGetDescriptorBase(String,String,String)	org.apache.commons.beanutils2.PropertyUtils.getPropertyDescriptor(Object,String)
org.apache.commons.beanutils2.converters.DurationConverterTestCase.testSimpleConversion()	org.apache.commons.beanutils2.Converter.convert(Class<T>,Object)
org.apache.commons.beanutils2.locale.LocaleBeanificationTestCase.testGetByContextClassLoader()	org.apache.commons.beanutils2.BeanUtilsBean.getInstance()
org.apache.commons.beanutils2.WrapDynaBeanTestCase.testIndexedProperties()	org.apache.commons.beanutils2.TestBean.setStringIndexed(int,String)
org.apache.commons.beanutils2.ConvertUtils.lookup(Class<?>)	org.apache.commons.beanutils2.ConvertUtilsBean.lookup(Class<?>)
org.apache.commons.beanutils2.LazyDynaClassTestCase.testAddPropertyRestricted3()	org.apache.commons.beanutils2.LazyDynaClass.add(String,Class<?>,boolean,boolean)
org.apache.commons.beanutils2.BaseDynaBeanMapDecorator.getDynaProperties()	org.apache.commons.beanutils2.BaseDynaBeanMapDecorator.getDynaBean()
org.apache.commons.beanutils2.bugs.Jira463TestCase.testSuppressClassProperty()	org.apache.commons.beanutils2.BeanUtilsBean.getProperty(Object,String)
org.apache.commons.beanutils2.locale.converters.BaseLocaleConverterTestCase.convertValueToType(BaseLocaleConverter,String,Class<?>,Object,String,Object)	org.apache.commons.beanutils2.locale.BaseLocaleConverter.convert(Class<T>,Object,String)
org.apache.commons.beanutils2.bugs.Jira157TestCase.setUp()	org.apache.commons.beanutils2.BeanUtilsBean.getPropertyUtils()
org.apache.commons.beanutils2.MethodUtilsTestCase.testPublicSub()	org.apache.commons.beanutils2.priv.PublicSubBean.setFoo(String)
org.apache.commons.beanutils2.PropertyUtilsBean.setSimpleProperty(Object,String,Object)	org.apache.commons.beanutils2.expression.Resolver.hasNested(String)
org.apache.commons.beanutils2.FluentPropertyBeanIntrospector.introspect(IntrospectionContext)	org.apache.commons.beanutils2.IntrospectionContext.getTargetClass()
org.apache.commons.beanutils2.converters.DateTimeConverter.convertToString(Object)	org.apache.commons.beanutils2.converters.DateTimeConverter.getFormat(String)
org.apache.commons.beanutils2.BeanComparatorTestCase.testCompareIdentical()	org.apache.commons.beanutils2.BeanComparator.compare(T,T)
org.apache.commons.beanutils2.BeanUtilsBenchCase.setUp()	org.apache.commons.beanutils2.BenchBean.getFloatProperty()
org.apache.commons.beanutils2.LazyDynaBeanTestCase.testIndexedPrimitiveArray()	org.apache.commons.beanutils2.LazyDynaClass.add(String,Class<?>)
org.apache.commons.beanutils2.MethodUtilsTestCase.testInvokeStaticMethodNull()	org.apache.commons.beanutils2.MethodUtils.invokeStaticMethod(Class<?>,String,Object)
org.apache.commons.beanutils2.PropertyUtilsTestCase.testGetMappedSlashes()	org.apache.commons.beanutils2.TestBean.getMappedObjects(String)
org.apache.commons.beanutils2.converters.BigDecimalConverterTestCase.testSimpleConversion()	org.apache.commons.beanutils2.Converter.convert(Class<T>,Object)
org.apache.commons.beanutils2.PropertyUtilsTestCase.testSetNestedInt()	org.apache.commons.beanutils2.TestBean.getNested()
org.apache.commons.beanutils2.converters.ArrayConverterTestCase.testComponentIntegerConverter()	org.apache.commons.beanutils2.converters.ArrayConverterTestCase.checkArray(String,Object,Object)
org.apache.commons.beanutils2.LazyDynaBean.set(String,Object)	org.apache.commons.beanutils2.MutableDynaClass.isRestricted()
org.apache.commons.beanutils2.PropertyUtilsBean.getWriteMethod(Class<?>,PropertyDescriptor)	org.apache.commons.beanutils2.BeanIntrospectionData.getWriteMethod(Class<?>,PropertyDescriptor)
org.apache.commons.beanutils2.LazyDynaList.setElementType(Class<?>)	org.apache.commons.beanutils2.LazyDynaList.createDynaBeanForMapProperty(Object)
org.apache.commons.beanutils2.locale.LocaleConvertUtilsTestCase.fixmetestPositiveArray()	org.apache.commons.beanutils2.locale.LocaleConvertUtils.convert(String[],Class<?>)
org.apache.commons.beanutils2.converters.DateConverterTestBase.testDefaultType()	org.apache.commons.beanutils2.converters.DateTimeConverter.setPattern(String)
org.apache.commons.beanutils2.BaseDynaBeanMapDecorator.containsValue(Object)	org.apache.commons.beanutils2.DynaProperty.getName()
org.apache.commons.beanutils2.PropertyUtils.getMappedPropertyDescriptors(Class<?>)	org.apache.commons.beanutils2.PropertyUtilsBean.getMappedPropertyDescriptors(Class<?>)
org.apache.commons.beanutils2.converters.NumberConverterTestBase.testConvertNull()	org.apache.commons.beanutils2.converters.NumberConverterTestBase.getExpectedType()
org.apache.commons.beanutils2.PropertyUtilsTestCase.testSetMappedPeriods()	org.apache.commons.beanutils2.PropertyUtils.getNestedProperty(Object,String)
org.apache.commons.beanutils2.DynaBeanUtilsTestCase.setUp()	org.apache.commons.beanutils2.DynaClass.newInstance()
org.apache.commons.beanutils2.ConvertUtilsBean.getInstance()	org.apache.commons.beanutils2.BeanUtilsBean.getConvertUtils()
org.apache.commons.beanutils2.BeanPropertyValueChangeConsumerTestCase.testExecuteWithIndexedProperty()	org.apache.commons.beanutils2.BeanPropertyValueChangeConsumer.accept(Object)
org.apache.commons.beanutils2.DynaProperty.writeObject(ObjectOutputStream)	org.apache.commons.beanutils2.DynaProperty.writeAnyClass(Class<?>,ObjectOutputStream)
org.apache.commons.beanutils2.converters.DateConverterTestBase.toType(String,String,Locale)	org.apache.commons.beanutils2.converters.DateConverterTestBase.toCalendar(String,String,Locale)
org.apache.commons.beanutils2.PropertyUtilsBean.copyProperties(Object,Object)	org.apache.commons.beanutils2.DynaClass.getDynaProperties()
org.apache.commons.beanutils2.BasicDynaBean.getDynaProperty(String)	org.apache.commons.beanutils2.BasicDynaBean.getDynaClass()
org.apache.commons.beanutils2.IndexedPropertyTestCase.testArrayReadMethod()	org.apache.commons.beanutils2.PropertyUtilsBean.getPropertyDescriptor(Object,String)
org.apache.commons.beanutils2.bugs.Jira157TestCase.testIssue_BEANUTILS_157_BeanUtils_Describe_Interface()	org.apache.commons.beanutils2.BeanUtils.describe(Object)
org.apache.commons.beanutils2.converters.YearConverterTestCase.testSimpleConversion()	org.apache.commons.beanutils2.Converter.convert(Class<T>,Object)
org.apache.commons.beanutils2.DynaPropertyUtilsTestCase.testSetSimpleLong()	org.apache.commons.beanutils2.DynaBean.get(String)
org.apache.commons.beanutils2.LazyDynaList.addAll(int,Collection<?>)	org.apache.commons.beanutils2.LazyDynaList.transform(Object)
org.apache.commons.beanutils2.BeanUtilsBean.getIndexedProperty(Object,String,int)	org.apache.commons.beanutils2.ConvertUtilsBean.convert(Object)
org.apache.commons.beanutils2.BasicDynaBeanTestCase.testGetSimpleArguments()	org.apache.commons.beanutils2.DynaBean.get(String)
org.apache.commons.beanutils2.BeanUtilsTestCase.testPopulateArrayElements()	org.apache.commons.beanutils2.TestBean.getIntIndexed(int)
org.apache.commons.beanutils2.DefaultIntrospectionContextTestCase.testRemovePropertyDescriptor()	org.apache.commons.beanutils2.DefaultIntrospectionContext.propertyNames()
org.apache.commons.beanutils2.bugs.Jira509TestCase.test_concurrent()	org.apache.commons.beanutils2.bugs.Jira509TestCase.random(int)
org.apache.commons.beanutils2.BeanPropertyValueChangeConsumerTestCase.testExecuteWithSimpleDoublePropertyAndIntegerValue()	org.apache.commons.beanutils2.TestBean.getDoubleProperty()
org.apache.commons.beanutils2.MethodUtilsTestCase.testPublicSub()	org.apache.commons.beanutils2.priv.PackageBean.setBar(String)
org.apache.commons.beanutils2.DefaultIntrospectionContextTestCase.testRemovePropertyDescriptor()	org.apache.commons.beanutils2.DefaultIntrospectionContext.getPropertyDescriptors()
org.apache.commons.beanutils2.PropertyUtilsBean.fetchIntrospectionData(Class<?>)	org.apache.commons.beanutils2.DefaultIntrospectionContext.getPropertyDescriptors()
org.apache.commons.beanutils2.locale.LocaleBeanUtilsBean.setProperty(Object,String,Object,String)	org.apache.commons.beanutils2.expression.Resolver.getProperty(String)
org.apache.commons.beanutils2.bugs.Jira18TestCase.testIssue_BEANUTILS_18_PropertyUtils_isWriteable()	org.apache.commons.beanutils2.PropertyUtils.isWriteable(Object,String)
org.apache.commons.beanutils2.MethodUtils.getAccessibleMethod(Class<?>,String,Class<?>)	org.apache.commons.beanutils2.MethodUtils.getAccessibleMethod(Class<?>,String,Class<?>)
org.apache.commons.beanutils2.locale.LocaleConvertUtils.deregister(Locale)	org.apache.commons.beanutils2.locale.LocaleConvertUtilsBean.deregister(Locale)
org.apache.commons.beanutils2.BeanUtilsBean.copyProperties(Object,Object)	org.apache.commons.beanutils2.DynaProperty.getName()
org.apache.commons.beanutils2.DynaBeanUtilsTestCase.testPopulateScalar()	org.apache.commons.beanutils2.BeanUtils.populate(Object,Map<String, Object>)
org.apache.commons.beanutils2.DefaultIntrospectionContextTestCase.testRemovePropertyDescriptor()	org.apache.commons.beanutils2.DefaultIntrospectionContextTestCase.createDescriptor(String)
org.apache.commons.beanutils2.LazyDynaBean.createProperty(String,Class<?>)	org.apache.commons.beanutils2.LazyDynaBean.createDynaBeanProperty(String,Class<?>)
org.apache.commons.beanutils2.PropertyUtilsTestCase.testSetSimpleArguments()	org.apache.commons.beanutils2.PropertyUtils.setSimpleProperty(Object,String,Object)
org.apache.commons.beanutils2.DynaBeanUtilsTestCase.setUp()	org.apache.commons.beanutils2.DynaBean.set(String,Object)
org.apache.commons.beanutils2.MappedPropertyTestCase.main(String[])	org.apache.commons.beanutils2.MappedPropertyTestCase.suite()
org.apache.commons.beanutils2.BaseDynaBeanMapDecorator.keySet()	org.apache.commons.beanutils2.DynaProperty.getName()
org.apache.commons.beanutils2.PropertyUtilsBean.getIndexedProperty(Object,String,int)	org.apache.commons.beanutils2.MethodUtils.getAccessibleMethod(Class<?>,Method)
org.apache.commons.beanutils2.BasicDynaBeanTestCase.testSerialization()	org.apache.commons.beanutils2.BasicDynaBeanTestCase.testGetDescriptorDouble()
org.apache.commons.beanutils2.BeanPropertyValueChangeConsumerTestCase.testExecuteWithSimpleFloatPropertyAndIntegerValue()	org.apache.commons.beanutils2.BeanPropertyValueChangeConsumer.accept(Object)
org.apache.commons.beanutils2.PropertyUtilsTestCase.testSetMappedList()	org.apache.commons.beanutils2.TestBean.getMapProperty()
org.apache.commons.beanutils2.locale.LocaleConvertUtilsBean.deregister()	org.apache.commons.beanutils2.locale.LocaleConvertUtilsBean.DelegateFastHashMap.clear()
org.apache.commons.beanutils2.PropertyUtils.getReadMethod(PropertyDescriptor)	org.apache.commons.beanutils2.PropertyUtilsBean.getInstance()
org.apache.commons.beanutils2.PropertyUtilsTestCase.testCopyPropertiesMap()	org.apache.commons.beanutils2.TestBean.getIntProperty()
org.apache.commons.beanutils2.PropertyUtilsBean.getIndexedProperty(Object,String,int)	org.apache.commons.beanutils2.PropertyUtilsBean.getPropertyDescriptor(Object,String)
org.apache.commons.beanutils2.ConvertUtilsTestCase.testObjectToStringScalar()	org.apache.commons.beanutils2.ConvertUtils.convert(Object)
org.apache.commons.beanutils2.locale.converters.BigDecimalLocaleConverter.parse(Object,String)	org.apache.commons.beanutils2.locale.converters.DecimalLocaleConverter.parse(Object,String)
org.apache.commons.beanutils2.DynaPropertyUtilsTestCase.testSetNestedShort()	org.apache.commons.beanutils2.TestBean.getShortProperty()
org.apache.commons.beanutils2.bugs.Jira273TestCase.testIssue_BEANUTILS_273_PrivatePublicOverridden()	org.apache.commons.beanutils2.bugs.other.Jira273BeanFactory.createPrivatePublicOverridden()
org.apache.commons.beanutils2.PropertyUtilsTestCase.testGetDescriptorMappedPeriods()	org.apache.commons.beanutils2.PropertyUtils.getPropertyDescriptor(Object,String)
org.apache.commons.beanutils2.MappedPropertyDescriptor.getMethod(Class<?>,String,Class<?>)	org.apache.commons.beanutils2.MethodUtils.getMatchingAccessibleMethod(Class<?>,String,Class<?>)
org.apache.commons.beanutils2.PropertyUtilsTestCase.testGetDescriptorMappedPeriods()	org.apache.commons.beanutils2.TestBean.getIntProperty()
org.apache.commons.beanutils2.BeanUtilsTestCase.testGetArrayPropertyDate()	org.apache.commons.beanutils2.TestBean.setDateArrayProperty(Date[])
org.apache.commons.beanutils2.LazyDynaBeanTestCase.testMappedPropertyTreeMap()	org.apache.commons.beanutils2.LazyDynaBean.get(String,String)
org.apache.commons.beanutils2.BeanUtilsBean.setProperty(Object,String,Object)	org.apache.commons.beanutils2.expression.Resolver.remove(String)
org.apache.commons.beanutils2.locale.LocaleBeanUtilsBean.getMappedProperty(Object,String,String,String)	org.apache.commons.beanutils2.BeanUtilsBean.getPropertyUtils()
org.apache.commons.beanutils2.converters.DateConverterTestBase.testConvertDate()	org.apache.commons.beanutils2.converters.DateConverterTestBase.getExpectedType()
org.apache.commons.beanutils2.AbstractParent.testAddChild2(String,Child)	org.apache.commons.beanutils2.Child.getName()
org.apache.commons.beanutils2.BeanUtilsTestCase.setUpShared()	org.apache.commons.beanutils2.ConvertUtils.register(Converter,Class<?>)
org.apache.commons.beanutils2.locale.LocaleBeanUtilsBean.getIndexedProperty(Object,String,int,String)	org.apache.commons.beanutils2.BeanUtilsBean.getPropertyUtils()
org.apache.commons.beanutils2.BeanUtilsTestCase.testCopyPropertiesStandard()	org.apache.commons.beanutils2.TestBean.setIntProperty(int)
org.apache.commons.beanutils2.converters.ArrayConverter.convertToString(Object)	org.apache.commons.beanutils2.converters.ArrayConverter.convertToCollection(Class<?>,Object)
org.apache.commons.beanutils2.PropertyUtilsTestCase.testNestedPropertyKeyOrIndexOnBeanImplementingMap()	org.apache.commons.beanutils2.PropertyUtils.setNestedProperty(Object,String,Object)
org.apache.commons.beanutils2.LazyDynaClass.remove(String)	org.apache.commons.beanutils2.BasicDynaClass.getDynaProperties()
org.apache.commons.beanutils2.LazyDynaBeanTestCase.testIndexedPropertyDefault()	org.apache.commons.beanutils2.LazyDynaBean.get(String)
org.apache.commons.beanutils2.LazyDynaMap.add(DynaProperty)	org.apache.commons.beanutils2.DynaProperty.getType()
org.apache.commons.beanutils2.PropertyUtilsBean.setMappedProperty(Object,String,Object)	org.apache.commons.beanutils2.expression.Resolver.getKey(String)
org.apache.commons.beanutils2.BeanUtilsTestCase.testCopyPropertiesDynaBean()	org.apache.commons.beanutils2.DynaBean.set(String,Object)
org.apache.commons.beanutils2.BeanToPropertyValueTransformerTestCase.testTransformWithSimpleByteProperty()	org.apache.commons.beanutils2.TestBean.setByteProperty(byte)
org.apache.commons.beanutils2.BeanificationTestCase.TestIndependenceThread.run()	org.apache.commons.beanutils2.BeanUtils.setProperty(Object,String,Object)
org.apache.commons.beanutils2.PropertyUtilsBean.getIntrospectionData(Class<?>)	org.apache.commons.beanutils2.WeakFastHashMap.get(Object)
org.apache.commons.beanutils2.DynaPropertyUtilsTestCase.testGetMappedValues()	org.apache.commons.beanutils2.PropertyUtils.getMappedProperty(Object,String,String)
org.apache.commons.beanutils2.DynaPropertyUtilsTestCase.testSetSimpleNested()	org.apache.commons.beanutils2.PropertyUtils.setSimpleProperty(Object,String,Object)
org.apache.commons.beanutils2.locale.LocaleBeanUtils.getIndexedProperty(Object,String)	org.apache.commons.beanutils2.locale.LocaleBeanUtilsBean.getLocaleBeanUtilsInstance()
org.apache.commons.beanutils2.converters.PeriodConverterTestCase.testSimpleConversion()	org.apache.commons.beanutils2.Converter.convert(Class<T>,Object)
org.apache.commons.beanutils2.ConvertUtilsBean.deregister()	org.apache.commons.beanutils2.ConvertUtilsBean.register(Class<?>,Converter)
org.apache.commons.beanutils2.bugs.Jira359TestCase.testBeanUtilsSetProperty_DefaultConvertStringToArray_WithoutColonValueAndNocoma()	org.apache.commons.beanutils2.bugs.Jira359TestCase.showArray(String,String[])
org.apache.commons.beanutils2.locale.LocaleBeanUtils.getMappedProperty(Object,String)	org.apache.commons.beanutils2.locale.LocaleBeanUtilsBean.getMappedProperty(Object,String)
org.apache.commons.beanutils2.BeanUtilsTestCase.testCopyPropertiesDynaBean()	org.apache.commons.beanutils2.TestBean.getDoubleProperty()
org.apache.commons.beanutils2.converters.NumberConverterTestBase.testStringToNumberPattern()	org.apache.commons.beanutils2.converters.NumberConverter.setPattern(String)
org.apache.commons.beanutils2.ConvertUtils.register(Converter,Class<?>)	org.apache.commons.beanutils2.ConvertUtilsBean.register(Converter,Class<?>)
org.apache.commons.beanutils2.BeanificationTestCase.testContextClassloaderIndependence()	org.apache.commons.beanutils2.BeanificationTestCase.Signal.setSignal(int)
org.apache.commons.beanutils2.LazyDynaClassTestCase.testRemoveProperty()	org.apache.commons.beanutils2.LazyDynaClass.setReturnNull(boolean)
org.apache.commons.beanutils2.BasicDynaBeanTestCase.testGetDescriptorBase(String,Class<?>)	org.apache.commons.beanutils2.DynaProperty.getType()
org.apache.commons.beanutils2.BaseDynaBeanMapDecorator.put(K,Object)	org.apache.commons.beanutils2.BaseDynaBeanMapDecorator.toString(Object)
org.apache.commons.beanutils2.BeanUtilsTestCase.testCopyPropertiesDynaBean()	org.apache.commons.beanutils2.TestBean.getBooleanProperty()
org.apache.commons.beanutils2.converters.URLConverter.convertToType(Class<T>,Object)	org.apache.commons.beanutils2.converters.AbstractConverter.toString(Object)
org.apache.commons.beanutils2.PropertyUtilsBean.setMappedProperty(Object,String,String,Object)	org.apache.commons.beanutils2.MappedPropertyDescriptor.getMappedWriteMethod()
org.apache.commons.beanutils2.locale.LocaleConvertUtilsBean.convert(Object,Locale,String)	org.apache.commons.beanutils2.locale.LocaleConverter.convert(Class<T>,Object,String)
org.apache.commons.beanutils2.converters.NumberConverterTestBase.testStringArrayToInteger()	org.apache.commons.beanutils2.converters.NumberConverterTestBase.makeConverter(Object)
org.apache.commons.beanutils2.PropertyUtilsTestCase.testGetMappedArray()	org.apache.commons.beanutils2.PropertyUtils.getProperty(Object,String)
org.apache.commons.beanutils2.converters.DateConverterTestBase.toSqlTimestamp(Calendar)	org.apache.commons.beanutils2.converters.DateConverterTestBase.getTimeInMillis(Object)
org.apache.commons.beanutils2.PropertyUtilsBean.getMappedProperty(Object,String,String)	org.apache.commons.beanutils2.MappedPropertyDescriptor.getMappedReadMethod()
org.apache.commons.beanutils2.LazyDynaBeanTestCase.testIndexedLinkedList()	org.apache.commons.beanutils2.LazyDynaBean.set(String,int,Object)
org.apache.commons.beanutils2.locale.converters.DateLocaleConverterTestCase.testCalendarObject()	org.apache.commons.beanutils2.locale.BaseLocaleConverter.convert(Object)
org.apache.commons.beanutils2.converters.ByteConverterTestCase.testInvalidAmount()	org.apache.commons.beanutils2.Converter.convert(Class<T>,Object)
org.apache.commons.beanutils2.DefaultIntrospectionContextTestCase.testRemovePropertyDescriptor()	org.apache.commons.beanutils2.DefaultIntrospectionContext.removePropertyDescriptor(String)
org.apache.commons.beanutils2.BeanPropertyValueEqualsPredicateTestCase.testEvaluateWithIndexedProperty()	org.apache.commons.beanutils2.TestBean.setIntIndexed(int,int)
org.apache.commons.beanutils2.DynaResultSetTestCase.testGetDynaProperty()	org.apache.commons.beanutils2.DynaProperty.getName()
org.apache.commons.beanutils2.BeanUtilsBenchCase.testCopyPropertiesStrs()	org.apache.commons.beanutils2.BeanUtilsBean.copyProperties(Object,Object)
org.apache.commons.beanutils2.BeanPropertyValueEqualsPredicateTestCase.testEvaluateWithDoubleProperty()	org.apache.commons.beanutils2.BeanPropertyValueEqualsPredicate.test(T)
org.apache.commons.beanutils2.DefaultIntrospectionContextTestCase.testAddPropertyDescriptorNull()	org.apache.commons.beanutils2.DefaultIntrospectionContext.addPropertyDescriptor(PropertyDescriptor)
org.apache.commons.beanutils2.LazyDynaListTestCase.testSerializationMap()	org.apache.commons.beanutils2.LazyDynaListTestCase.serializeDeserialize(Object,String)
org.apache.commons.beanutils2.PropertyUtilsTestCase.testSetNestedString()	org.apache.commons.beanutils2.TestBean.getNested()
org.apache.commons.beanutils2.locale.LocaleConvertUtilsBean.deregister()	org.apache.commons.beanutils2.locale.LocaleConvertUtilsBean.DelegateFastHashMap.setFast(boolean)
org.apache.commons.beanutils2.DynaBeanUtilsTestCase.testCopyPropertiesMap()	org.apache.commons.beanutils2.DynaBean.get(String)
org.apache.commons.beanutils2.PropertyUtilsBean.setIndexedProperty(Object,String,Object)	org.apache.commons.beanutils2.PropertyUtilsBean.setIndexedProperty(Object,String,int,Object)
org.apache.commons.beanutils2.PropertyUtils.getSimpleProperty(Object,String)	org.apache.commons.beanutils2.PropertyUtilsBean.getInstance()
org.apache.commons.beanutils2.locale.LocaleBeanUtils.getNestedProperty(Object,String,String)	org.apache.commons.beanutils2.locale.LocaleBeanUtilsBean.getLocaleBeanUtilsInstance()
org.apache.commons.beanutils2.BeanMapTestCase.testBeanMapClone()	org.apache.commons.beanutils2.BeanMapTestCase.getSampleKeys()
org.apache.commons.beanutils2.BeanUtils2TestCase.testCopyPropertyConvertToString()	org.apache.commons.beanutils2.TestBean.getStringProperty()
org.apache.commons.beanutils2.PropertyUtilsTestCase.testGetIndexedArguments()	org.apache.commons.beanutils2.PropertyUtils.getIndexedProperty(Object,String,int)
org.apache.commons.beanutils2.PropertyUtilsTestCase.testGetNestedBoolean()	org.apache.commons.beanutils2.PropertyUtils.getNestedProperty(Object,String)
org.apache.commons.beanutils2.locale.LocaleBeanificationTestCase.testContextClassloaderIndependence()	org.apache.commons.beanutils2.locale.LocaleBeanificationTestCase.Signal.getSignal()
org.apache.commons.beanutils2.locale.LocaleConvertUtilsBean.deregister(Locale)	org.apache.commons.beanutils2.locale.LocaleConvertUtilsBean.DelegateFastHashMap.remove(Object)
org.apache.commons.beanutils2.BeanUtilsTestCase.testCopyPropertyLong()	org.apache.commons.beanutils2.TestBean.getLongProperty()
org.apache.commons.beanutils2.BeanMap.putAllWriteable(BeanMap)	org.apache.commons.beanutils2.BeanMap.put(String,Object)
org.apache.commons.beanutils2.BeanUtilsBean.copyProperty(Object,String,Object)	org.apache.commons.beanutils2.BeanUtilsBean.convertForCopy(Object,Class<?>)
org.apache.commons.beanutils2.ConvertUtilsTestCase.testObjectToStringArray()	org.apache.commons.beanutils2.ConvertUtils.convert(Object)
org.apache.commons.beanutils2.converters.PathConverterTestCase.testUnsupportedType()	org.apache.commons.beanutils2.Converter.convert(Class<T>,Object)
org.apache.commons.beanutils2.BeanUtilsTestCase.testGetIndexedProperty2()	org.apache.commons.beanutils2.BeanUtils.getIndexedProperty(Object,String,int)
org.apache.commons.beanutils2.MethodUtilsTestCase.testPublicSub()	org.apache.commons.beanutils2.MethodUtils.invokeMethod(Object,String,Object)
org.apache.commons.beanutils2.BeanUtilsTestCase.testSetMappedMap()	org.apache.commons.beanutils2.TestBean.getMapProperty()
org.apache.commons.beanutils2.converters.NumberConverterTestBase.testStringArrayToInteger()	org.apache.commons.beanutils2.converters.AbstractConverter.convert(Class<T>,Object)
org.apache.commons.beanutils2.PropertyUtilsBenchCase.setUp()	org.apache.commons.beanutils2.PropertyUtilsBean.getInstance()
org.apache.commons.beanutils2.TestResultSet.invoke(Object,Method,Object[])	org.apache.commons.beanutils2.TestResultSet.getObject(String)
org.apache.commons.beanutils2.bugs.Jira18TestCase.beforeAll()	org.apache.commons.beanutils2.bugs.other.Jira18BeanFactory.createBean()
org.apache.commons.beanutils2.LazyDynaList.transform(Object)	org.apache.commons.beanutils2.WrapDynaBean.getInstance()
org.apache.commons.beanutils2.BeanUtilsTestCase.testPopulateArrayProperties()	org.apache.commons.beanutils2.TestBean.getStringArray()
org.apache.commons.beanutils2.converters.NumberConverterTestBase.testStringToNumberDefaultType()	org.apache.commons.beanutils2.converters.AbstractConverter.convert(Class<T>,Object)
org.apache.commons.beanutils2.locale.LocaleBeanUtilsBean.getIndexedProperty(Object,String,String)	org.apache.commons.beanutils2.locale.LocaleBeanUtilsBean.getLocaleConvertUtils()
org.apache.commons.beanutils2.LazyDynaList.add(int,Object)	org.apache.commons.beanutils2.LazyDynaList.transform(Object)
org.apache.commons.beanutils2.BasicDynaBeanTestCase.testGetDescriptorArguments()	org.apache.commons.beanutils2.DynaClass.getDynaProperty(String)
org.apache.commons.beanutils2.PropertyUtilsTestCase.testGetNestedShort()	org.apache.commons.beanutils2.TestBean.getNested()
org.apache.commons.beanutils2.PropertyUtilsBean.setNestedProperty(Object,String,Object)	org.apache.commons.beanutils2.PropertyUtilsBean.setSimpleProperty(Object,String,Object)
org.apache.commons.beanutils2.MethodUtils.getAccessibleMethod(Class<?>,String,Class<?>)	org.apache.commons.beanutils2.MethodUtils.getAccessibleMethod(Class<?>,Method)
org.apache.commons.beanutils2.bugs.Jira61TestCase.testIssue_BEANUTILS_61_PropertyUtils_copyProperties_from_WrapDynaBean()	org.apache.commons.beanutils2.PropertyUtils.copyProperties(Object,Object)
org.apache.commons.beanutils2.WrapDynaBean.get(String)	org.apache.commons.beanutils2.WrapDynaBean.getPropertyUtils()
org.apache.commons.beanutils2.converters.CharacterConverterTestCase.testConvertToString()	org.apache.commons.beanutils2.Converter.convert(Class<T>,Object)
org.apache.commons.beanutils2.FluentPropertyBeanIntrospector.introspect(IntrospectionContext)	org.apache.commons.beanutils2.FluentPropertyBeanIntrospector.createFluentPropertyDescritor(Method,String)
org.apache.commons.beanutils2.BeanUtils2TestCase.testGetIndexedPropertyDate()	org.apache.commons.beanutils2.TestBean.setDateArrayProperty(Date[])
org.apache.commons.beanutils2.converters.NumberConverter.toNumber(Class<?>,Class<T>,Number)	org.apache.commons.beanutils2.converters.AbstractConverter.log()
org.apache.commons.beanutils2.locale.LocaleBeanificationTestCase.convert(Class<T>,Object)	org.apache.commons.beanutils2.ConvertUtils.primitiveToWrapper(Class<T>)
org.apache.commons.beanutils2.BeanUtilsTestCase.testCopyPropertyNestedSimple()	org.apache.commons.beanutils2.BeanUtils.copyProperty(Object,String,Object)
org.apache.commons.beanutils2.MethodUtilsTestCase.testInvokeExactMethodIndirectInterface()	org.apache.commons.beanutils2.priv.PrivateBeanFactory.createSubclass()
org.apache.commons.beanutils2.MappedPropertyTestCase.testMappedGetterOnly()	org.apache.commons.beanutils2.MappedPropertyDescriptor.getMappedReadMethod()
org.apache.commons.beanutils2.BeanUtilsTestCase.testSetPropertyInteger()	org.apache.commons.beanutils2.TestBean.getIntProperty()
org.apache.commons.beanutils2.IndexedPropertyTestCase.testSetArrayItemB()	org.apache.commons.beanutils2.PropertyUtilsBean.setIndexedProperty(Object,String,int,Object)
org.apache.commons.beanutils2.BeanificationTestCase.testMemoryLeak()	org.apache.commons.beanutils2.BeanUtilsTestCase.isPre14JVM()
org.apache.commons.beanutils2.MethodUtilsTestCase.testInvokeExactMethodFromInterface()	org.apache.commons.beanutils2.MethodUtils.invokeExactMethod(Object,String,Object)
org.apache.commons.beanutils2.BeanPropertyValueChangeConsumerTestCase.testExecuteWithSimpleFloatPropertyAndStringValue()	org.apache.commons.beanutils2.BeanPropertyValueChangeConsumer.accept(Object)
org.apache.commons.beanutils2.MethodUtils.invokeExactMethod(Object,String,Object[])	org.apache.commons.beanutils2.MethodUtils.invokeExactMethod(Object,String,Object[],Class<?>)
org.apache.commons.beanutils2.converters.DateTimeConverter.parse(Class<?>,Class<?>,String,DateFormat)	org.apache.commons.beanutils2.converters.DateTimeConverter.logFormat(String,DateFormat)
org.apache.commons.beanutils2.PropertyUtilsBean.isReadable(Object,String)	org.apache.commons.beanutils2.DynaBean.getDynaClass()
org.apache.commons.beanutils2.LazyDynaClassTestCase.testGetPropertyDoesntExist1()	org.apache.commons.beanutils2.LazyDynaClass.getDynaProperty(String)
org.apache.commons.beanutils2.PropertyUtilsTestCase.testCustomIntrospection()	org.apache.commons.beanutils2.PropertyUtilsTestCase.findNameDescriptor(PropertyDescriptor[])
org.apache.commons.beanutils2.BeanUtilsTestCase.testCopyPropertyConvertToStringArray()	org.apache.commons.beanutils2.TestBean.setStringArray(String[])
org.apache.commons.beanutils2.bugs.Jira422bTestCase.testRootBean()	org.apache.commons.beanutils2.PropertyUtils.getPropertyType(Object,String)
org.apache.commons.beanutils2.BeanUtilsTestCase.initCauseAndThrowException(String,String)	org.apache.commons.beanutils2.BeanUtilsTestCase.throwException(String)
org.apache.commons.beanutils2.IndexedPropertyTestCase.testSetList()	org.apache.commons.beanutils2.IndexedTestBean.getStringList()
org.apache.commons.beanutils2.ConvertUtilsTestCase.testNegativeStringArray()	org.apache.commons.beanutils2.ConvertUtils.convert(String,Class<?>)
org.apache.commons.beanutils2.LazyDynaClassTestCase.testAddProperty1()	org.apache.commons.beanutils2.DynaProperty.getType()
org.apache.commons.beanutils2.DynaRowSetTestCase.testGetDynaProperty()	org.apache.commons.beanutils2.JDBCDynaClass.getDynaProperty(String)
org.apache.commons.beanutils2.PropertyUtilsTestCase.testDescribe()	org.apache.commons.beanutils2.PropertyUtils.describe(Object)
org.apache.commons.beanutils2.BeanUtilsBenchCase.setUp()	org.apache.commons.beanutils2.BeanUtilsBean.getInstance()
org.apache.commons.beanutils2.PropertyUtilsTestCase.testSetMappedPeriods()	org.apache.commons.beanutils2.TestBean.setMappedObjects(String,Object)
org.apache.commons.beanutils2.bugs.Jira339TestCase.testIssue_BEANUTILS_331_BeanUtilsBean_populate()	org.apache.commons.beanutils2.BeanUtils.populate(Object,Map<String, Object>)
org.apache.commons.beanutils2.BeanUtilsTestCase.testSetPropertyConvertToString()	org.apache.commons.beanutils2.TestBean.getStringProperty()
org.apache.commons.beanutils2.BeanUtilsTestCase.testSeparateInstances()	org.apache.commons.beanutils2.TestBean.getBooleanProperty()
org.apache.commons.beanutils2.TestResultSet.invoke(Object,Method,Object[])	org.apache.commons.beanutils2.TestResultSet.next()
org.apache.commons.beanutils2.memoryleaktests.MemoryLeakTestCase.testMethodUtils_cache_memoryLeak()	org.apache.commons.beanutils2.memoryleaktests.MemoryLeakTestCase.newClassLoader()
org.apache.commons.beanutils2.PropertyUtilsBean.getPropertyDescriptors(Class<?>)	org.apache.commons.beanutils2.BeanIntrospectionData.getDescriptors()
org.apache.commons.beanutils2.DynaPropertyUtilsTestCase.testSetNestedBoolean()	org.apache.commons.beanutils2.PropertyUtils.setNestedProperty(Object,String,Object)
org.apache.commons.beanutils2.BeanificationTestCase.testBeanUtilsBeanSetInstance()	org.apache.commons.beanutils2.BeanificationTestCase.Signal.setSignal(int)
org.apache.commons.beanutils2.PropertyUtilsBean.setNestedProperty(Object,String,Object)	org.apache.commons.beanutils2.expression.Resolver.remove(String)
org.apache.commons.beanutils2.BasicDynaBeanTestCase.testGetDescriptorBase(String,Class<?>)	org.apache.commons.beanutils2.DynaBean.getDynaClass()
org.apache.commons.beanutils2.DynaPropertyUtilsTestCase.testSetMappedValues()	org.apache.commons.beanutils2.PropertyUtils.setMappedProperty(Object,String,Object)
org.apache.commons.beanutils2.locale.BaseLocaleConverter.convert(Class<T>,Object,String)	org.apache.commons.beanutils2.locale.BaseLocaleConverter.parse(Object,String)
org.apache.commons.beanutils2.PropertyUtils.getPropertyType(Object,String)	org.apache.commons.beanutils2.PropertyUtilsBean.getInstance()
org.apache.commons.beanutils2.LazyDynaBean.get(String,String)	org.apache.commons.beanutils2.LazyDynaBean.isDynaProperty(String)
org.apache.commons.beanutils2.BasicDynaBeanTestCase.testSerialization()	org.apache.commons.beanutils2.BasicDynaBeanTestCase.testGetSimpleString()
org.apache.commons.beanutils2.BeanUtilsTestCase.testPopulateNested()	org.apache.commons.beanutils2.TestBean.getLongProperty()
org.apache.commons.beanutils2.BeanMap.initialize()	org.apache.commons.beanutils2.BeanMap.getBean()
org.apache.commons.beanutils2.PropertyUtils.addBeanIntrospector(BeanIntrospector)	org.apache.commons.beanutils2.PropertyUtilsBean.getInstance()
org.apache.commons.beanutils2.converters.DateConverterTestBase.testConvertNull()	org.apache.commons.beanutils2.converters.DateConverterTestBase.getExpectedType()
org.apache.commons.beanutils2.LazyDynaListTestCase.testSerializationMap()	org.apache.commons.beanutils2.LazyDynaMap.set(String,Object)
org.apache.commons.beanutils2.PropertyUtilsTestCase.testSetNestedInt()	org.apache.commons.beanutils2.TestBean.getIntProperty()
org.apache.commons.beanutils2.WeakFastHashMap.CollectionView.contains(Object)	org.apache.commons.beanutils2.WeakFastHashMap.CollectionView.get(Map<K, V>)
org.apache.commons.beanutils2.LazyDynaMapTestCase.testIndexedObjectArray()	org.apache.commons.beanutils2.LazyDynaBean.get(String)
org.apache.commons.beanutils2.BeanUtilsBean.getArrayProperty(Object,String)	org.apache.commons.beanutils2.PropertyUtilsBean.getProperty(Object,String)
org.apache.commons.beanutils2.PropertyUtilsBean.isWriteable(Object,String)	org.apache.commons.beanutils2.expression.Resolver.getProperty(String)
org.apache.commons.beanutils2.DynaRowSetTestCase.testLimitedRows()	org.apache.commons.beanutils2.TestResultSet.createProxy()
org.apache.commons.beanutils2.BeanMap.convertType(Class<?>,Object)	org.apache.commons.beanutils2.BeanMap.getTypeTransformer(Class<?>)
org.apache.commons.beanutils2.LazyDynaBean.get(String,int)	org.apache.commons.beanutils2.LazyDynaBean.defaultIndexedProperty(String)
org.apache.commons.beanutils2.PropertyUtilsTestCase.testGetIndexedArguments()	org.apache.commons.beanutils2.PropertyUtils.getIndexedProperty(Object,String)
org.apache.commons.beanutils2.BeanUtilsBean.cloneBean(Object)	org.apache.commons.beanutils2.DynaClass.newInstance()
org.apache.commons.beanutils2.locale.LocaleBeanUtils.getMappedProperty(Object,String,String)	org.apache.commons.beanutils2.locale.LocaleBeanUtilsBean.getMappedProperty(Object,String,String)
org.apache.commons.beanutils2.PropertyUtilsTestCase.testGetMappedPeriods()	org.apache.commons.beanutils2.TestBean.setMappedProperty(String,String)
org.apache.commons.beanutils2.memoryleaktests.MemoryLeakTestCase.testPropertyUtilsBean_descriptorsCache_memoryLeak()	org.apache.commons.beanutils2.memoryleaktests.MemoryLeakTestCase.profilerLeakReport(String,String)
org.apache.commons.beanutils2.WrapDynaClass.introspect()	org.apache.commons.beanutils2.DynaProperty.getName()
org.apache.commons.beanutils2.BeanUtilsTestCase.testSetPropertyConvert()	org.apache.commons.beanutils2.TestBean.getDateProperty()
org.apache.commons.beanutils2.locale.LocaleBeanUtilsBean.definePropertyType(Object,String,String)	org.apache.commons.beanutils2.PropertyUtilsBean.getPropertyDescriptor(Object,String)
org.apache.commons.beanutils2.converters.SqlTimeConverterTestCase.testLocale()	org.apache.commons.beanutils2.converters.DateTimeConverter.setUseLocaleFormat(boolean)
org.apache.commons.beanutils2.PropertyUtils.getIndexedProperty(Object,String,int)	org.apache.commons.beanutils2.PropertyUtilsBean.getInstance()
org.apache.commons.beanutils2.BeanIntrospectionDataTestCase.fetchDescriptors()	org.apache.commons.beanutils2.PropertyUtilsBean.getPropertyDescriptors(Class<?>)
org.apache.commons.beanutils2.BeanUtilsTestCase.testPopulateNested()	org.apache.commons.beanutils2.TestBean.getIntProperty()
org.apache.commons.beanutils2.expression.DefaultResolverTestCase.testNext()	org.apache.commons.beanutils2.expression.DefaultResolver.next(String)
org.apache.commons.beanutils2.LazyDynaMapTestCase.testSimpleProperty()	org.apache.commons.beanutils2.LazyDynaMap.getDynaProperty(String)
org.apache.commons.beanutils2.BeanPropertyValueChangeConsumer.accept(Object)	org.apache.commons.beanutils2.PropertyUtils.setProperty(Object,String,Object)
org.apache.commons.beanutils2.locale.LocaleBeanUtilsBean.convert(Class<?>,int,Object,String)	org.apache.commons.beanutils2.locale.LocaleConvertUtilsBean.convert(String,Class<?>,String)
org.apache.commons.beanutils2.PropertyUtilsBean.setNestedProperty(Object,String,Object)	org.apache.commons.beanutils2.PropertyUtilsBean.getSimpleProperty(Object,String)
org.apache.commons.beanutils2.BeanPropertyValueChangeConsumerTestCase.testExecuteWithWriteOnlyProperty()	org.apache.commons.beanutils2.TestBean.getWriteOnlyPropertyValue()
org.apache.commons.beanutils2.converters.YearMonthConverterTestCase.setUp()	org.apache.commons.beanutils2.converters.YearMonthConverterTestCase.makeConverter()
org.apache.commons.beanutils2.BeanUtilsTestCase.testSetPropertyWriteOnly()	org.apache.commons.beanutils2.TestBean.setWriteOnlyProperty(String)
org.apache.commons.beanutils2.BeanUtilsBean.copyProperties(Object,Object)	org.apache.commons.beanutils2.PropertyUtilsBean.isWriteable(Object,String)
org.apache.commons.beanutils2.MethodUtilsTestCase.testInvokeMethodNull()	org.apache.commons.beanutils2.MethodUtils.invokeMethod(Object,String,Object)
org.apache.commons.beanutils2.locale.LocaleConvertUtils.convert(String,Class<?>)	org.apache.commons.beanutils2.locale.LocaleConvertUtilsBean.convert(String,Class<?>)
org.apache.commons.beanutils2.BeanUtilsBean.copyProperties(Object,Object)	org.apache.commons.beanutils2.PropertyUtilsBean.getPropertyDescriptors(Object)
org.apache.commons.beanutils2.BeanUtilsTestCase.testGetIndexedProperty1()	org.apache.commons.beanutils2.TestBean.getIntIndexed(int)
org.apache.commons.beanutils2.converters.NumberConverterTestBase.testStringToNumberLocale()	org.apache.commons.beanutils2.converters.AbstractConverter.convert(Class<T>,Object)
org.apache.commons.beanutils2.BeanUtilsBenchCase.testCopyPropertiesMap()	org.apache.commons.beanutils2.BeanUtilsBean.copyProperties(Object,Object)
org.apache.commons.beanutils2.FluentIntrospectionTestBean.setFluentProperty(String)	org.apache.commons.beanutils2.FluentIntrospectionTestBean.setStringProperty(String)
org.apache.commons.beanutils2.converters.PeriodConverterTestCase.testUnsupportedType()	org.apache.commons.beanutils2.Converter.convert(Class<T>,Object)
org.apache.commons.beanutils2.ConvertUtilsTestCase.testSeparateConvertInstances()	org.apache.commons.beanutils2.ConvertUtilsBean.deregister()
org.apache.commons.beanutils2.BasicDynaBeanTestCase.testGetDescriptorFloat()	org.apache.commons.beanutils2.BasicDynaBeanTestCase.testGetDescriptorBase(String,Class<?>)
org.apache.commons.beanutils2.PropertyUtilsTestCase.testGetDescriptorsArguments()	org.apache.commons.beanutils2.PropertyUtils.getPropertyDescriptors(Class<?>)
org.apache.commons.beanutils2.BeanPropertyValueChangeConsumerTestCase.testExecuteWithSimpleBooleanPropertyAndStringValue()	org.apache.commons.beanutils2.BeanPropertyValueChangeConsumer.accept(Object)
org.apache.commons.beanutils2.BeanificationTestCase.testGetByContextClassLoader()	org.apache.commons.beanutils2.BeanificationTestCase.Signal.getConvertUtils()
org.apache.commons.beanutils2.MethodUtils.invokeExactStaticMethod(Class<?>,String,Object)	org.apache.commons.beanutils2.MethodUtils.toArray(Object)
org.apache.commons.beanutils2.BeanMapTestCase.makeFullMap()	org.apache.commons.beanutils2.BeanMapTestCase.BeanWithProperties.setSomeFloatValue(float)
org.apache.commons.beanutils2.BasicDynaBeanTestCase.testSetSimpleInt()	org.apache.commons.beanutils2.DynaBean.set(String,Object)
org.apache.commons.beanutils2.BeanPropertyValueChangeConsumerTestCase.testExecuteWithSimpleFloatPropertyAndFloatValue()	org.apache.commons.beanutils2.TestBean.getFloatProperty()
org.apache.commons.beanutils2.MethodUtilsTestCase.testInvokeMethodPrimitiveFloat()	org.apache.commons.beanutils2.PrimitiveBean.getFloat()
org.apache.commons.beanutils2.DynaBeanMapDecoratorTestCase.testRemove()	org.apache.commons.beanutils2.DynaProperty.getName()
org.apache.commons.beanutils2.LazyDynaMapTestCase.testMappedPropertyTreeMap()	org.apache.commons.beanutils2.LazyDynaBean.get(String,String)
org.apache.commons.beanutils2.locale.LocaleBeanUtilsBean.getMappedPropertyLocale(Object,String,String)	org.apache.commons.beanutils2.BeanUtilsBean.getPropertyUtils()
org.apache.commons.beanutils2.MappedPropertyTestCase.testDifferentTypes()	org.apache.commons.beanutils2.MappedPropertyDescriptor.getMappedWriteMethod()
org.apache.commons.beanutils2.PropertyUtilsTestCase.testGetNestedUnknown()	org.apache.commons.beanutils2.PropertyUtils.getNestedProperty(Object,String)
org.apache.commons.beanutils2.bugs.Jira273TestCase.testIssue_BEANUTILS_273_PrivatePrivatePublicOverridden()	org.apache.commons.beanutils2.PropertyUtils.getProperty(Object,String)
org.apache.commons.beanutils2.DynaBeanUtilsTestCase.testCopyPropertyNestedMappedMap()	org.apache.commons.beanutils2.DynaBeanUtilsTestCase.checkMap(Map<?, ?>,Map<?, ?>)
org.apache.commons.beanutils2.PropertyUtilsTestCase.testSetMappedValues()	org.apache.commons.beanutils2.PropertyUtils.getMappedProperty(Object,String,String)
org.apache.commons.beanutils2.memoryleaktests.MemoryLeakTestCase.testMappedPropertyDescriptor_MappedMethodReference2()	org.apache.commons.beanutils2.memoryleaktests.MemoryLeakTestCase.forceGarbageCollection()
org.apache.commons.beanutils2.DynaPropertyUtilsTestCase.testSetNestedFloat()	org.apache.commons.beanutils2.PropertyUtils.setNestedProperty(Object,String,Object)
org.apache.commons.beanutils2.converters.MonthDayConverter.convertToType(Class<T>,Object)	org.apache.commons.beanutils2.converters.AbstractConverter.conversionException(Class<?>,Object)
org.apache.commons.beanutils2.BeanUtilsTestCase.testPopulateScalar()	org.apache.commons.beanutils2.TestBean.getStringProperty()
org.apache.commons.beanutils2.LazyDynaListTestCase.dynaBeanTest(LazyDynaList,Class<?>,DynaClass,Object)	org.apache.commons.beanutils2.DynaBean.set(String,Object)
org.apache.commons.beanutils2.ConvertUtilsTestCase.testDeregisteringSingleConverter()	org.apache.commons.beanutils2.ConvertUtils.convert(String,Class<?>)
org.apache.commons.beanutils2.BeanComparatorTestCase.testCompareBeanAgainstSelf()	org.apache.commons.beanutils2.BeanComparator.compare(T,T)
org.apache.commons.beanutils2.bugs.Jira492TestCase.getIndexedProperty()	org.apache.commons.beanutils2.BeanUtilsBean.getIndexedProperty(Object,String)
org.apache.commons.beanutils2.ConvertUtilsBean2.convert(String,Class<?>)	org.apache.commons.beanutils2.ConvertUtilsBean.convert(Object,Class<?>)
org.apache.commons.beanutils2.PropertyUtils.setNestedProperty(Object,String,Object)	org.apache.commons.beanutils2.PropertyUtilsBean.getInstance()
org.apache.commons.beanutils2.bugs.Jira273TestCase.testIssue_BEANUTILS_273_AnonymousNotOverridden()	org.apache.commons.beanutils2.bugs.other.Jira273BeanFactory.createAnonymousNotOverridden()
org.apache.commons.beanutils2.LazyDynaBeanTestCase.testSimpleProperty()	org.apache.commons.beanutils2.LazyDynaClass.getDynaProperty(String)
org.apache.commons.beanutils2.LazyDynaClassTestCase.testGetPropertyDoesntExist1()	org.apache.commons.beanutils2.LazyDynaClass.isDynaProperty(String)
org.apache.commons.beanutils2.converters.ClassConverterTestCase.testConvertToClassDefault()	org.apache.commons.beanutils2.Converter.convert(Class<T>,Object)
org.apache.commons.beanutils2.DynaRowSetTestCase.testGetName()	org.apache.commons.beanutils2.JDBCDynaClass.getName()
org.apache.commons.beanutils2.BeanUtilsTestCase.testCopyPropertiesMap()	org.apache.commons.beanutils2.TestBean.getDupProperty()
org.apache.commons.beanutils2.PropertyUtilsBean.isReadable(Object,String)	org.apache.commons.beanutils2.expression.Resolver.hasNested(String)
org.apache.commons.beanutils2.converters.NumberConverterTestBase.testBooleanToNumberDefault()	org.apache.commons.beanutils2.converters.NumberConverterTestBase.getExpectedType()
org.apache.commons.beanutils2.PropertyUtilsTestCase.testGetSimpleShort()	org.apache.commons.beanutils2.TestBean.getShortProperty()
org.apache.commons.beanutils2.BeanUtilsTestCase.testSetPropertyStringToArray()	org.apache.commons.beanutils2.TestBean.getIntArray()
org.apache.commons.beanutils2.PropertyUtilsTestCase.testGetDescriptorMappedPeriods()	org.apache.commons.beanutils2.MappedPropertyDescriptor.getMappedPropertyType()
org.apache.commons.beanutils2.BeanPropertyValueChangeConsumerTestCase.testExecuteWithNullInPropertyPathAngIgnoreTrue()	org.apache.commons.beanutils2.BeanPropertyValueChangeConsumer.accept(Object)
org.apache.commons.beanutils2.bugs.Jira18TestCase.testIssue_BEANUTILS_18_PropertyUtils_isReadable_Mapped()	org.apache.commons.beanutils2.PropertyUtils.isReadable(Object,String)
org.apache.commons.beanutils2.MethodUtilsTestCase.testGetAccessibleMethodFromInterface()	org.apache.commons.beanutils2.priv.PrivateBeanFactory.create()
org.apache.commons.beanutils2.BeanUtilsBean.getIndexedProperty(Object,String,int)	org.apache.commons.beanutils2.BeanUtilsBean.getPropertyUtils()
org.apache.commons.beanutils2.WeakFastHashMap.CollectionView.clear()	org.apache.commons.beanutils2.WeakFastHashMap.CollectionView.get(Map<K, V>)
org.apache.commons.beanutils2.converters.DateConverterTestBase.testPatternNoDefault()	org.apache.commons.beanutils2.converters.DateConverterTestBase.toCalendar(String,String,Locale)
org.apache.commons.beanutils2.converters.AbstractConverter.convertToDefaultType(Object)	org.apache.commons.beanutils2.converters.AbstractConverter.getDefaultType()
org.apache.commons.beanutils2.LazyDynaListTestCase.testDynaBeanDynaClass()	org.apache.commons.beanutils2.LazyDynaListTestCase.dynaBeanTest(LazyDynaList,Class<?>,DynaClass,Object)
org.apache.commons.beanutils2.LazyDynaBean.isDynaProperty(String)	org.apache.commons.beanutils2.LazyDynaClass.isDynaProperty(String)
org.apache.commons.beanutils2.BeanUtilsBenchCase.setUp()	org.apache.commons.beanutils2.BenchBean.getIntProperty()
org.apache.commons.beanutils2.LazyDynaBean.get(String,int)	org.apache.commons.beanutils2.DynaProperty.getName()
org.apache.commons.beanutils2.locale.LocaleBeanificationTestCase.testLocaleAwareConverterInConvertUtils()	org.apache.commons.beanutils2.ConvertUtils.deregister()
org.apache.commons.beanutils2.DynaBeanUtilsTestCase.testCopyPropertyShort()	org.apache.commons.beanutils2.BeanUtils.setProperty(Object,String,Object)
org.apache.commons.beanutils2.converters.DateConverterTestBase.validConversion(Converter,Object,Object)	org.apache.commons.beanutils2.Converter.convert(Class<T>,Object)
org.apache.commons.beanutils2.PropertyUtilsBean.isWriteable(Object,String)	org.apache.commons.beanutils2.DynaClass.getDynaProperty(String)
org.apache.commons.beanutils2.bugs.Jira465TestCase.testListIndexedProperty()	org.apache.commons.beanutils2.bugs.Jira465TestCase.changeValue(Object)
org.apache.commons.beanutils2.DynaResultSetTestCase.testIteratorResults()	org.apache.commons.beanutils2.ResultSetDynaClass.iterator()
org.apache.commons.beanutils2.converters.DateTimeConverter.parse(Class<?>,Class<?>,String,DateFormat)	org.apache.commons.beanutils2.converters.AbstractConverter.log()
org.apache.commons.beanutils2.PropertyUtilsBean.getMappedProperty(Object,String,String)	org.apache.commons.beanutils2.MethodUtils.getAccessibleMethod(Class<?>,Method)
org.apache.commons.beanutils2.BeanificationTestCase.CCLLTesterThread.run()	org.apache.commons.beanutils2.BeanificationTestCase.Signal.setMarkerObject(Object)
org.apache.commons.beanutils2.BeanUtilsTestCase.testCopyPropertyNestedIndexedArray()	org.apache.commons.beanutils2.BeanUtils.copyProperty(Object,String,Object)
org.apache.commons.beanutils2.locale.LocaleBeanUtilsBean.getNestedProperty(Object,String,String)	org.apache.commons.beanutils2.locale.LocaleConvertUtilsBean.convert(Object,String)
org.apache.commons.beanutils2.BeanUtils2TestCase.setUp()	org.apache.commons.beanutils2.ConvertUtils.deregister()
org.apache.commons.beanutils2.bugs.Jira359TestCase.testBeanUtilsSetProperty_DefaultConvertStringToArray_WithoutColonValue()	org.apache.commons.beanutils2.bugs.Jira359TestCase.showArray(String,String[])
org.apache.commons.beanutils2.BeanMapTestCase.main(String[])	org.apache.commons.beanutils2.BeanMapTestCase.suite()
org.apache.commons.beanutils2.bugs.Jira359TestCase.testBeanUtilsSetProperty_CustomConvertStringToArray_WithColonValue()	org.apache.commons.beanutils2.ConvertUtilsBean.register(Converter,Class<?>)
org.apache.commons.beanutils2.locale.LocaleBeanUtils.convert(Class<?>,int,Object)	org.apache.commons.beanutils2.locale.LocaleBeanUtilsBean.getLocaleBeanUtilsInstance()
org.apache.commons.beanutils2.BeanUtilsBean.copyProperty(Object,String,Object)	org.apache.commons.beanutils2.expression.Resolver.hasNested(String)
org.apache.commons.beanutils2.converters.NumberConverter.convertToType(Class<T>,Object)	org.apache.commons.beanutils2.converters.AbstractConverter.toTrim(Object)
org.apache.commons.beanutils2.BeanUtilsBenchCase.setUp()	org.apache.commons.beanutils2.BenchBean.getDoubleProperty()
org.apache.commons.beanutils2.PropertyUtilsBean.getMappedProperty(Object,String)	org.apache.commons.beanutils2.expression.Resolver.getKey(String)
org.apache.commons.beanutils2.BeanUtilsTestCase.testCopyPropertiesStandard()	org.apache.commons.beanutils2.TestBean.getStringProperty()
org.apache.commons.beanutils2.locale.LocaleBeanificationTestCase.SetInstanceTesterThread.run()	org.apache.commons.beanutils2.locale.LocaleBeanificationTestCase.Signal.setSignal(int)
org.apache.commons.beanutils2.PropertyUtilsTestCase.testSetNestedLong()	org.apache.commons.beanutils2.PropertyUtils.setNestedProperty(Object,String,Object)
org.apache.commons.beanutils2.DefaultIntrospectionContextTestCase.testAddPropertyDescriptor()	org.apache.commons.beanutils2.DefaultIntrospectionContext.addPropertyDescriptor(PropertyDescriptor)
org.apache.commons.beanutils2.PropertyUtilsBean.setIndexedProperty(Object,String,int,Object)	org.apache.commons.beanutils2.PropertyUtilsBean.toObjectList(Object)
org.apache.commons.beanutils2.BeanMap.valueIterator()	org.apache.commons.beanutils2.BeanMap.keyIterator()
org.apache.commons.beanutils2.IndexedPropertyTestCase.testListIndexedWriteMethod()	org.apache.commons.beanutils2.PropertyUtilsBean.getPropertyDescriptor(Object,String)
org.apache.commons.beanutils2.BeanUtilsTestCase.testSetPropertyOnPrimitiveWrappers()	org.apache.commons.beanutils2.TestBean.getStringProperty()
org.apache.commons.beanutils2.LazyDynaBean.createProperty(String,Class<?>)	org.apache.commons.beanutils2.LazyDynaBean.createIndexedProperty(String,Class<?>)
org.apache.commons.beanutils2.ConstructorUtilsTestCase.testInvokeConstructor()	org.apache.commons.beanutils2.ConstructorUtils.invokeConstructor(Class<T>,Object)
org.apache.commons.beanutils2.PropertyUtilsTestCase.testGetNestedBoolean()	org.apache.commons.beanutils2.TestBean.getBooleanProperty()
org.apache.commons.beanutils2.BeanUtilsTestCase.testGetIndexedProperty2()	org.apache.commons.beanutils2.TestBean.getStringIndexed(int)
org.apache.commons.beanutils2.DynaRowSetTestCase.testInconsistentOracleDriver()	org.apache.commons.beanutils2.TestResultSet.createProxy(InvocationHandler)
org.apache.commons.beanutils2.PropertyUtilsBean.getIndexedProperty(Object,String)	org.apache.commons.beanutils2.expression.Resolver.getProperty(String)
org.apache.commons.beanutils2.PropertyUtilsBean.isWriteable(Object,String)	org.apache.commons.beanutils2.PropertyUtilsBean.getWriteMethod(Class<?>,PropertyDescriptor)
org.apache.commons.beanutils2.BeanUtils2TestCase.testCopyPropertyConvertToStringIndexed()	org.apache.commons.beanutils2.TestBean.getStringArray()
org.apache.commons.beanutils2.BasicDynaBeanTestCase.setUp()	org.apache.commons.beanutils2.BasicDynaBeanTestCase.createDynaClass()
org.apache.commons.beanutils2.PropertyUtils.getNestedProperty(Object,String)	org.apache.commons.beanutils2.PropertyUtilsBean.getNestedProperty(Object,String)
org.apache.commons.beanutils2.LazyDynaBean.set(String,int,Object)	org.apache.commons.beanutils2.LazyDynaBean.set(String,Object)
org.apache.commons.beanutils2.converters.MemoryTestCase.testWeakReference()	org.apache.commons.beanutils2.ConvertUtils.deregister()
org.apache.commons.beanutils2.LazyDynaBeanTestCase.main(String[])	org.apache.commons.beanutils2.LazyDynaBeanTestCase.suite()
org.apache.commons.beanutils2.DynaBeanUtilsTestCase.testCopyPropertyNestedIndexedArray()	org.apache.commons.beanutils2.TestBean.getIntArray()
org.apache.commons.beanutils2.ConvertUtilsTestCase.testConvertToString()	org.apache.commons.beanutils2.ConvertUtilsBean.convert(Object,Class<?>)
org.apache.commons.beanutils2.bugs.Jira87TestCase.testJira87()	org.apache.commons.beanutils2.PropertyUtils.getMappedProperty(Object,String)
org.apache.commons.beanutils2.RowSetDynaClass.copy(ResultSet)	org.apache.commons.beanutils2.DynaBean.set(String,Object)
org.apache.commons.beanutils2.IndexedPropertyTestCase.testSetArray()	org.apache.commons.beanutils2.BeanUtilsBean.setProperty(Object,String,Object)
org.apache.commons.beanutils2.bugs.Jira157TestCase.testIssue_BEANUTILS_157_BeanUtils_Describe_Bean()	org.apache.commons.beanutils2.BeanUtils.describe(Object)
org.apache.commons.beanutils2.locale.LocaleConvertUtilsBean.convert(String,Class<?>)	org.apache.commons.beanutils2.locale.LocaleConvertUtilsBean.convert(String,Class<?>,Locale,String)
org.apache.commons.beanutils2.DynaBeanUtilsTestCase.testSetPropertyNull()	org.apache.commons.beanutils2.DynaBean.set(String,Object)
org.apache.commons.beanutils2.locale.LocaleConvertUtils.deregister()	org.apache.commons.beanutils2.locale.LocaleConvertUtilsBean.getInstance()
org.apache.commons.beanutils2.PropertyUtilsBean.setIndexedProperty(Object,String,Object)	org.apache.commons.beanutils2.expression.Resolver.getIndex(String)
org.apache.commons.beanutils2.MappedPropertyTestCase.testChildInterfaceMapped()	org.apache.commons.beanutils2.MappedPropertyDescriptor.getMappedWriteMethod()
org.apache.commons.beanutils2.BeanUtilsTestCase.testGetArrayProperty()	org.apache.commons.beanutils2.TestBean.getStringArray()
org.apache.commons.beanutils2.BeanUtilsTestCase.testCopyPropertiesMap()	org.apache.commons.beanutils2.TestBean.getIntArray()
org.apache.commons.beanutils2.converters.NumberConverterTestBase.testNumberToStringLocale()	org.apache.commons.beanutils2.converters.NumberConverter.setUseLocaleFormat(boolean)
org.apache.commons.beanutils2.LazyDynaBeanTestCase.testIndexedDynaBeanArray()	org.apache.commons.beanutils2.DynaProperty.getType()
org.apache.commons.beanutils2.DynaProperty.writeObject(ObjectOutputStream)	org.apache.commons.beanutils2.DynaProperty.isIndexed()
org.apache.commons.beanutils2.DynaPropertyUtilsTestCase.testSetNestedInt()	org.apache.commons.beanutils2.PropertyUtils.setNestedProperty(Object,String,Object)
org.apache.commons.beanutils2.DynaPropertyUtilsTestCase.testSetNestedUnknown()	org.apache.commons.beanutils2.PropertyUtils.setNestedProperty(Object,String,Object)
org.apache.commons.beanutils2.BasicDynaBeanTestCase.testGetDescriptorSecond()	org.apache.commons.beanutils2.BasicDynaBeanTestCase.testGetDescriptorBase(String,Class<?>)
org.apache.commons.beanutils2.PropertyUtilsTestCase.testSetSimpleFloat()	org.apache.commons.beanutils2.PropertyUtils.setSimpleProperty(Object,String,Object)
org.apache.commons.beanutils2.bugs.Jira273TestCase.testIssue_BEANUTILS_273_PrivatePublicOverridden()	org.apache.commons.beanutils2.PropertyUtils.getProperty(Object,String)
org.apache.commons.beanutils2.LazyDynaBean.set(String,int,Object)	org.apache.commons.beanutils2.LazyDynaBean.get(String)
org.apache.commons.beanutils2.ConstructorUtilsTestCase.testInvokeExactConstructor()	org.apache.commons.beanutils2.TestBean.isBooleanSecond()
org.apache.commons.beanutils2.DynaPropertyUtilsTestCase.testGetNestedInt()	org.apache.commons.beanutils2.PropertyUtils.getNestedProperty(Object,String)
org.apache.commons.beanutils2.DefaultIntrospectionContextTestCase.testHasPropertyFalse()	org.apache.commons.beanutils2.DefaultIntrospectionContext.addPropertyDescriptor(PropertyDescriptor)
org.apache.commons.beanutils2.DynaResultSetTestCase.testNewInstance()	org.apache.commons.beanutils2.JDBCDynaClass.newInstance()
org.apache.commons.beanutils2.PropertyUtilsBean.getPropertyType(Object,String)	org.apache.commons.beanutils2.DynaProperty.getType()
org.apache.commons.beanutils2.bugs.Jira492TestCase.getPropertyDescriptor()	org.apache.commons.beanutils2.bugs.other.Jira492IndexedListsSupport.supportsIndexedLists()
org.apache.commons.beanutils2.BeanUtilsTestCase.testSetPropertyByte()	org.apache.commons.beanutils2.TestBean.getByteProperty()
org.apache.commons.beanutils2.BeanPropertyValueChangeConsumerTestCase.testExecuteWithSimpleIntPropertyAndIntegerValue()	org.apache.commons.beanutils2.BeanPropertyValueChangeConsumer.accept(Object)
org.apache.commons.beanutils2.memoryleaktests.MemoryLeakTestCase.testConvertUtilsBean_converters_memoryLeak()	org.apache.commons.beanutils2.memoryleaktests.MemoryLeakTestCase.profilerLeakReport(String,String)
org.apache.commons.beanutils2.PropertyUtilsTestCase.testMapExtensionDefault()	org.apache.commons.beanutils2.PropertyUtils.setSimpleProperty(Object,String,Object)
org.apache.commons.beanutils2.locale.LocaleBeanUtilsBean.getLocaleBeanUtilsInstance()	org.apache.commons.beanutils2.ContextClassLoaderLocal.get()
org.apache.commons.beanutils2.BeanUtilsTestCase.testPopulateScalar()	org.apache.commons.beanutils2.TestBean.getByteProperty()
org.apache.commons.beanutils2.BeanUtilsBean.copyProperty(Object,String,Object)	org.apache.commons.beanutils2.DynaClass.getDynaProperty(String)
org.apache.commons.beanutils2.PropertyUtils.setSimpleProperty(Object,String,Object)	org.apache.commons.beanutils2.PropertyUtilsBean.getInstance()
org.apache.commons.beanutils2.locale.LocaleBeanificationTestCase.testBeanUtilsBeanSetInstance()	org.apache.commons.beanutils2.locale.LocaleBeanUtilsBean.setInstance(LocaleBeanUtilsBean)
org.apache.commons.beanutils2.ConstructorUtilsTestCase.testInvokeConstructorNull()	org.apache.commons.beanutils2.ConstructorUtils.invokeConstructor(Class<T>,Object)
org.apache.commons.beanutils2.LazyDynaBeanTestCase.testIndexedPropertyRestricted()	org.apache.commons.beanutils2.LazyDynaClass.isRestricted()
org.apache.commons.beanutils2.BeanIntrospectionDataTestCase.testGetWriteMethodDefined()	org.apache.commons.beanutils2.BeanIntrospectionData.getWriteMethod(Class<?>,PropertyDescriptor)
org.apache.commons.beanutils2.converters.YearConverterTestCase.testUnsupportedType()	org.apache.commons.beanutils2.Converter.convert(Class<T>,Object)
org.apache.commons.beanutils2.BeanUtils.getSimpleProperty(Object,String)	org.apache.commons.beanutils2.BeanUtilsBean.getInstance()
org.apache.commons.beanutils2.bugs.Jira456TestCase.testWriteMethodRecover()	org.apache.commons.beanutils2.PropertyUtilsBean.setProperty(Object,String,Object)
org.apache.commons.beanutils2.MethodUtilsTestCase.testStaticInvokeMethod()	org.apache.commons.beanutils2.MethodUtils.invokeExactStaticMethod(Class<?>,String,Object[],Class<?>)
org.apache.commons.beanutils2.BeanificationTestCase.testContextClassLoaderLocal()	org.apache.commons.beanutils2.BeanificationTestCase.Signal.setSignal(int)
org.apache.commons.beanutils2.LazyDynaMap.remove(String)	org.apache.commons.beanutils2.LazyDynaMap.isRestricted()
org.apache.commons.beanutils2.BeanUtils2TestCase.testGetArrayPropertyDate()	org.apache.commons.beanutils2.BeanUtils.getArrayProperty(Object,String)
org.apache.commons.beanutils2.DynaPropertyUtilsTestCase.testGetMappedPeriods()	org.apache.commons.beanutils2.PropertyUtils.getMappedProperty(Object,String,String)
org.apache.commons.beanutils2.DefaultIntrospectionContextTestCase.testAddPropertyDescriptor()	org.apache.commons.beanutils2.DefaultIntrospectionContext.getPropertyDescriptor(String)
org.apache.commons.beanutils2.BeanUtilsBean.setInstance(BeanUtilsBean)	org.apache.commons.beanutils2.ContextClassLoaderLocal.set(T)
org.apache.commons.beanutils2.BasicDynaBeanTestCase.testGetDescriptorInt()	org.apache.commons.beanutils2.BasicDynaBeanTestCase.testGetDescriptorBase(String,Class<?>)
org.apache.commons.beanutils2.BeanUtilsTestCase.testCopyPropertiesMap()	org.apache.commons.beanutils2.TestBean.getByteProperty()
org.apache.commons.beanutils2.ConvertUtilsBean2.convert(Object)	org.apache.commons.beanutils2.ConvertUtilsBean.convert(Object,Class<?>)
org.apache.commons.beanutils2.ConvertUtils.deregister()	org.apache.commons.beanutils2.ConvertUtilsBean.getInstance()
org.apache.commons.beanutils2.LazyDynaList.setElementDynaClass(DynaClass)	org.apache.commons.beanutils2.LazyDynaMap.getMap()
org.apache.commons.beanutils2.BeanMap.createWriteMethodArguments(Method,Object)	org.apache.commons.beanutils2.BeanUtils.initCause(Throwable,Throwable)
org.apache.commons.beanutils2.locale.converters.LongLocaleConverterTestCase.setUp()	org.apache.commons.beanutils2.locale.converters.BaseLocaleConverterTestCase.setUp()
org.apache.commons.beanutils2.converters.AbstractConverter.convert(Class<T>,Object)	org.apache.commons.beanutils2.converters.AbstractConverter.convertToType(Class<T>,Object)
org.apache.commons.beanutils2.WrapDynaBeanTestCase.checkSimplePropertyAccess()	org.apache.commons.beanutils2.DynaBean.set(String,Object)
org.apache.commons.beanutils2.BeanMap.initialize()	org.apache.commons.beanutils2.BeanMap.logWarn(Exception)
org.apache.commons.beanutils2.LazyDynaBeanTestCase.testIndexedDynaBeanArray()	org.apache.commons.beanutils2.LazyDynaClass.add(String,Class<?>)
org.apache.commons.beanutils2.PropertyUtilsTestCase.testGetSimpleDouble()	org.apache.commons.beanutils2.PropertyUtils.getSimpleProperty(Object,String)
org.apache.commons.beanutils2.LazyDynaMap.newInstance()	org.apache.commons.beanutils2.LazyDynaMap.getMap()
org.apache.commons.beanutils2.ConstructorUtilsTestCase.testInvokeExactConstructor()	org.apache.commons.beanutils2.TestBean.getStringProperty()
org.apache.commons.beanutils2.MethodUtilsTestCase.testPublicSub()	org.apache.commons.beanutils2.MethodUtils.getAccessibleMethod(Class<?>,String,Class<?>)
org.apache.commons.beanutils2.BeanificationTestCase.testMemoryLeak()	org.apache.commons.beanutils2.PropertyUtilsBean.getInstance()
org.apache.commons.beanutils2.DynaBeanUtilsTestCase.testGetIndexedProperty2()	org.apache.commons.beanutils2.BeanUtils.getIndexedProperty(Object,String,int)
org.apache.commons.beanutils2.converters.NumberConverterTestBase.testInvalidException()	org.apache.commons.beanutils2.converters.NumberConverterTestBase.getExpectedType()
org.apache.commons.beanutils2.IndexedPropertyTestCase.testSetArrayItemB()	org.apache.commons.beanutils2.IndexedTestBean.getStringArray(int)
org.apache.commons.beanutils2.PropertyUtilsTestCase.testGetNestedArguments()	org.apache.commons.beanutils2.PropertyUtils.getNestedProperty(Object,String)
org.apache.commons.beanutils2.BeanificationTestCase.testContextClassLoaderUnset()	org.apache.commons.beanutils2.ContextClassLoaderLocal.set(T)
org.apache.commons.beanutils2.WrapDynaClass.introspect()	org.apache.commons.beanutils2.WrapDynaClass.getBeanClass()
org.apache.commons.beanutils2.memoryleaktests.MemoryLeakTestCase.clearAllBeanUtilsCaches()	org.apache.commons.beanutils2.BeanUtilsBean.getPropertyUtils()
org.apache.commons.beanutils2.PropertyUtilsTestCase.setUp()	org.apache.commons.beanutils2.BasicDynaBean.set(String,Object)
org.apache.commons.beanutils2.LazyDynaListTestCase.testToArrayDynaBeans()	org.apache.commons.beanutils2.LazyDynaList.toArray(T[])
org.apache.commons.beanutils2.locale.LocaleBeanUtilsBean.convert(Class<?>,int,Object,String)	org.apache.commons.beanutils2.locale.LocaleBeanUtilsBean.getLocaleConvertUtils()
org.apache.commons.beanutils2.PropertyUtilsTestCase.setUp()	org.apache.commons.beanutils2.priv.PrivateBeanFactory.create()
org.apache.commons.beanutils2.BeanUtilsTestCase.testCopyPropertyByte()	org.apache.commons.beanutils2.TestBean.getByteProperty()
org.apache.commons.beanutils2.locale.LocaleBeanificationTestCase.testContextClassLoaderLocal()	org.apache.commons.beanutils2.locale.LocaleBeanificationTestCase.Signal.setMarkerObject(Object)
org.apache.commons.beanutils2.LazyDynaClass.getDynaProperty(String)	org.apache.commons.beanutils2.LazyDynaClass.isReturnNull()
org.apache.commons.beanutils2.BeanUtilsTestCase.testCopyPropertiesMap()	org.apache.commons.beanutils2.TestBean.getDoubleProperty()
org.apache.commons.beanutils2.DynaBeanUtilsTestCase.testPopulateNested()	org.apache.commons.beanutils2.TestBean.getBooleanProperty()
org.apache.commons.beanutils2.bugs.Jira358TestCase.main(String[])	org.apache.commons.beanutils2.bugs.Jira358TestCase.suite()
org.apache.commons.beanutils2.PropertyUtilsTestCase.testGetSetParentBean()	org.apache.commons.beanutils2.AlphaBean.getName()
org.apache.commons.beanutils2.BeanPropertyValueChangeConsumerTestCase.testExecuteWithSimpleFloatPropertyAndFloatValue()	org.apache.commons.beanutils2.BeanPropertyValueChangeConsumer.accept(Object)
org.apache.commons.beanutils2.converters.CharacterConverterTestCase.testDefault()	org.apache.commons.beanutils2.Converter.convert(Class<T>,Object)
org.apache.commons.beanutils2.BeanUtilsTestCase.testPopulateMapped()	org.apache.commons.beanutils2.BeanUtils.populate(Object,Map<String, Object>)
org.apache.commons.beanutils2.PropertyUtilsBean.describe(Object)	org.apache.commons.beanutils2.PropertyUtilsBean.getProperty(Object,String)
org.apache.commons.beanutils2.converters.BooleanConverterTestCase.testAdditionalStrings()	org.apache.commons.beanutils2.converters.BooleanConverterTestCase.testConversionValues(AbstractConverter,String[],String[])
org.apache.commons.beanutils2.PropertyUtilsBean.getIndexedProperty(Object,String,int)	org.apache.commons.beanutils2.DynaClass.getDynaProperty(String)
org.apache.commons.beanutils2.locale.LocaleConvertUtils.setDefaultLocale(Locale)	org.apache.commons.beanutils2.locale.LocaleConvertUtilsBean.getInstance()
org.apache.commons.beanutils2.BasicDynaBeanTestCase.testSerialization()	org.apache.commons.beanutils2.BasicDynaBeanTestCase.testGetSimpleFloat()
org.apache.commons.beanutils2.DynaBeanUtilsTestCase.testCloneDynaBean()	org.apache.commons.beanutils2.DynaBeanUtilsTestCase.createDynaClass()
org.apache.commons.beanutils2.ConvertUtilsBean.deregister()	org.apache.commons.beanutils2.ConvertUtilsBean.registerArrays(boolean,int)
org.apache.commons.beanutils2.ConvertUtilsBean.deregister()	org.apache.commons.beanutils2.ConvertUtilsBean.registerOther(boolean)
org.apache.commons.beanutils2.bugs.Jira359TestCase.testBeanUtilsSetProperty_DefaultConvertStringToArray_WithoutColonValue()	org.apache.commons.beanutils2.bugs.Jira359TestCase.SimplePojoData.getJcrMixinTypes()
org.apache.commons.beanutils2.BeanUtilsTestCase.testPopulateScalar()	org.apache.commons.beanutils2.TestBean.getNullProperty()
org.apache.commons.beanutils2.ConvertUtils.deregister()	org.apache.commons.beanutils2.ConvertUtilsBean.deregister()
org.apache.commons.beanutils2.PropertyUtilsTestCase.testGetMappedList()	org.apache.commons.beanutils2.PropertyUtils.getProperty(Object,String)
org.apache.commons.beanutils2.converters.DateConverterTestBase.testStringConversion()	org.apache.commons.beanutils2.converters.DateConverterTestBase.toLocalDateTime(Calendar)
org.apache.commons.beanutils2.BeanificationTestCase.testGetByContextClassLoader()	org.apache.commons.beanutils2.BeanUtilsBean.getInstance()
org.apache.commons.beanutils2.locale.LocaleBeanUtilsBean.setProperty(Object,String,Object,String)	org.apache.commons.beanutils2.PropertyUtilsBean.getProperty(Object,String)
org.apache.commons.beanutils2.DynaPropertyUtilsTestCase.testGetMappedPeriods()	org.apache.commons.beanutils2.DynaBean.set(String,String,Object)
org.apache.commons.beanutils2.PropertyUtilsTestCase.testGetIndexedValues()	org.apache.commons.beanutils2.PropertyUtils.getIndexedProperty(Object,String,int)
org.apache.commons.beanutils2.LazyDynaMapTestCase.testIndexedDynaBeanArray()	org.apache.commons.beanutils2.DynaBean.get(String)
org.apache.commons.beanutils2.MappedPropertyTestCase.testFound()	org.apache.commons.beanutils2.MappedPropertyDescriptor.getMappedWriteMethod()
org.apache.commons.beanutils2.PropertyUtilsTestCase.testRemoveBeanIntrospector()	org.apache.commons.beanutils2.PropertyUtils.removeBeanIntrospector(BeanIntrospector)
org.apache.commons.beanutils2.PropertyUtilsBean.getMappedPropertyDescriptors(Object)	org.apache.commons.beanutils2.PropertyUtilsBean.getMappedPropertyDescriptors(Class<?>)
org.apache.commons.beanutils2.BeanUtilsTestCase.testGetIndexedProperty1()	org.apache.commons.beanutils2.BeanUtils.getIndexedProperty(Object,String)
org.apache.commons.beanutils2.ConstructorUtils.invokeConstructor(Class<T>,Object[])	org.apache.commons.beanutils2.ConstructorUtils.invokeConstructor(Class<T>,Object[],Class<?>)
org.apache.commons.beanutils2.BeanPropertyValueChangeConsumerTestCase.testExecuteWithSimpleDoublePropertyAndDoubleValue()	org.apache.commons.beanutils2.BeanPropertyValueChangeConsumer.accept(Object)
org.apache.commons.beanutils2.DynaPropertyUtilsTestCase.testSetNestedReadOnly()	org.apache.commons.beanutils2.PropertyUtils.setNestedProperty(Object,String,Object)
org.apache.commons.beanutils2.BeanUtilsTestCase.testPopulateScalar()	org.apache.commons.beanutils2.TestBean.getDoubleProperty()
org.apache.commons.beanutils2.LazyDynaList.setElementDynaClass(DynaClass)	org.apache.commons.beanutils2.WrapDynaBean.getInstance()
org.apache.commons.beanutils2.memoryleaktests.MemoryLeakTestCase.testMappedPropertyDescriptor_MappedMethodReference1()	org.apache.commons.beanutils2.memoryleaktests.MemoryLeakTestCase.clearAllBeanUtilsCaches()
org.apache.commons.beanutils2.MethodUtilsTestCase.testInvokeMethodPrimitiveDouble()	org.apache.commons.beanutils2.PrimitiveBean.getDouble()
org.apache.commons.beanutils2.BeanIntrospectionDataTestCase.testGetWriteMethodUnknown()	org.apache.commons.beanutils2.BeanIntrospectionData.getDescriptor(String)
org.apache.commons.beanutils2.PropertyUtils.setMappedProperty(Object,String,Object)	org.apache.commons.beanutils2.PropertyUtilsBean.getInstance()
org.apache.commons.beanutils2.DefaultIntrospectionContextTestCase.testAddPropertyDescriptorsNull()	org.apache.commons.beanutils2.DefaultIntrospectionContext.addPropertyDescriptors(PropertyDescriptor[])
org.apache.commons.beanutils2.DynaBeanUtilsTestCase.testSetPropertyNullValues()	org.apache.commons.beanutils2.PropertyUtils.setProperty(Object,String,Object)
org.apache.commons.beanutils2.IndexedPropertyTestCase.setUp()	org.apache.commons.beanutils2.BeanUtilsBean.getPropertyUtils()
org.apache.commons.beanutils2.locale.LocaleBeanUtils.getDefaultLocale()	org.apache.commons.beanutils2.locale.LocaleBeanUtilsBean.getDefaultLocale()
org.apache.commons.beanutils2.PropertyUtilsBean.isReadable(Object,String)	org.apache.commons.beanutils2.expression.Resolver.getProperty(String)
org.apache.commons.beanutils2.BeanPredicate.test(Object)	org.apache.commons.beanutils2.PropertyUtils.getProperty(Object,String)
org.apache.commons.beanutils2.LazyDynaList.add(int,Object)	org.apache.commons.beanutils2.LazyDynaList.growList(int)
org.apache.commons.beanutils2.DynaBeanMapDecoratorTestCase.setUp()	org.apache.commons.beanutils2.DynaProperty.getName()
org.apache.commons.beanutils2.PropertyUtilsTestCase.testMappedPropertyType()	org.apache.commons.beanutils2.MappedPropertyDescriptor.getMappedPropertyType()
org.apache.commons.beanutils2.locale.LocaleConvertUtils.deregister(Class<?>,Locale)	org.apache.commons.beanutils2.locale.LocaleConvertUtilsBean.getInstance()
org.apache.commons.beanutils2.LazyDynaMapTestCase.testIndexedObjectArray()	org.apache.commons.beanutils2.LazyDynaBean.get(String,int)
org.apache.commons.beanutils2.PropertyUtils.setNestedProperty(Object,String,Object)	org.apache.commons.beanutils2.PropertyUtilsBean.setNestedProperty(Object,String,Object)
org.apache.commons.beanutils2.BeanMap.entrySet()	org.apache.commons.beanutils2.BeanMap.entryIterator()
org.apache.commons.beanutils2.PropertyUtilsBean.setSimpleProperty(Object,String,Object)	org.apache.commons.beanutils2.DynaBean.getDynaClass()
org.apache.commons.beanutils2.BeanUtilsTestCase.testSetPropertyConvertToStringArray()	org.apache.commons.beanutils2.TestBean.getStringArray()
org.apache.commons.beanutils2.bugs.Jira339TestCase.testIssue_BEANUTILS_339_BeanUtilsBean_setProperty()	org.apache.commons.beanutils2.BeanUtils.setProperty(Object,String,Object)
org.apache.commons.beanutils2.LazyDynaClassTestCase.testRemovePropertyDoesntExist()	org.apache.commons.beanutils2.LazyDynaClass.remove(String)
org.apache.commons.beanutils2.DynaBeanUtilsTestCase.testGetIndexedProperty1()	org.apache.commons.beanutils2.DynaBean.get(String,int)
org.apache.commons.beanutils2.BeanUtils.describe(Object)	org.apache.commons.beanutils2.BeanUtilsBean.getInstance()
org.apache.commons.beanutils2.locale.LocaleBeanUtils.getIndexedProperty(Object,String,int)	org.apache.commons.beanutils2.locale.LocaleBeanUtilsBean.getIndexedProperty(Object,String,int)
org.apache.commons.beanutils2.converters.NumberConverterTestBase.testConvertNumber()	org.apache.commons.beanutils2.converters.NumberConverterTestBase.makeConverter()
org.apache.commons.beanutils2.PropertyUtilsBean.getSimpleProperty(Object,String)	org.apache.commons.beanutils2.PropertyUtilsBean.getReadMethod(Class<?>,PropertyDescriptor)
org.apache.commons.beanutils2.converters.NumberConverterTestBase.testStringToNumberLocale()	org.apache.commons.beanutils2.converters.NumberConverterTestBase.getExpectedType()
org.apache.commons.beanutils2.BeanUtilsTestCase.testPopulateArrayElements()	org.apache.commons.beanutils2.BeanUtils.populate(Object,Map<String, Object>)
org.apache.commons.beanutils2.converters.ArrayConverterTestCase.testComponentIntegerConverter()	org.apache.commons.beanutils2.converters.ArrayConverter.setOnlyFirstToString(boolean)
org.apache.commons.beanutils2.PropertyUtilsBean.setSimpleProperty(Object,String,Object)	org.apache.commons.beanutils2.expression.Resolver.isMapped(String)
org.apache.commons.beanutils2.BeanUtilsTestCase.testCopyPropertiesStandard()	org.apache.commons.beanutils2.TestBean.setDupProperty(String[])
org.apache.commons.beanutils2.DynaBeanUtilsTestCase.testSetPropertyNull()	org.apache.commons.beanutils2.DynaBean.get(String)
org.apache.commons.beanutils2.PropertyUtilsTestCase.testGetReadMethodPublicInterface()	org.apache.commons.beanutils2.PropertyUtilsTestCase.testGetReadMethod(Object,String[],String)
org.apache.commons.beanutils2.BeanUtilsBenchCase.setUp()	org.apache.commons.beanutils2.BenchBean.getLongProperty()
org.apache.commons.beanutils2.BeanMap.clone()	org.apache.commons.beanutils2.BeanUtils.initCause(Throwable,Throwable)
org.apache.commons.beanutils2.PropertyUtilsBean.getMappedProperty(Object,String,String)	org.apache.commons.beanutils2.PropertyUtilsBean.getPropertyDescriptor(Object,String)
org.apache.commons.beanutils2.LazyDynaListTestCase.mapTest(LazyDynaList,Class<?>,Object)	org.apache.commons.beanutils2.LazyDynaList.get(int)
org.apache.commons.beanutils2.PropertyUtilsBean.setMappedProperty(Object,String,String,Object)	org.apache.commons.beanutils2.PropertyUtilsBean.invokeMethod(Method,Object,Object[])
org.apache.commons.beanutils2.expression.DefaultResolverTestCase.testGetMapKey()	org.apache.commons.beanutils2.expression.DefaultResolverTestCase.label(String,int)
org.apache.commons.beanutils2.PropertyUtilsTestCase.testSetNestedString()	org.apache.commons.beanutils2.PropertyUtils.setNestedProperty(Object,String,Object)
org.apache.commons.beanutils2.converters.NumberConverterTestBase.testOtherToStringDefault()	org.apache.commons.beanutils2.converters.AbstractConverter.convert(Class<T>,Object)
org.apache.commons.beanutils2.BeanUtilsBean.setProperty(Object,String,Object)	org.apache.commons.beanutils2.PropertyUtilsBean.getPropertyDescriptor(Object,String)
org.apache.commons.beanutils2.BeanToPropertyValueTransformerTestCase.testTransformWithReadOnlyProperty()	org.apache.commons.beanutils2.BeanToPropertyValueTransformer.apply(T)
org.apache.commons.beanutils2.BeanPropertyValueEqualsPredicateTestCase.testEvaluateWithIntProperty()	org.apache.commons.beanutils2.BeanPropertyValueEqualsPredicate.test(T)
org.apache.commons.beanutils2.BeanUtilsTestCase.testCopyPropertyShort()	org.apache.commons.beanutils2.BeanUtils.copyProperty(Object,String,Object)
org.apache.commons.beanutils2.BeanUtilsTestCase.testMappedProperty()	org.apache.commons.beanutils2.BeanUtils.setProperty(Object,String,Object)
org.apache.commons.beanutils2.converters.AbstractConverter.handleError(Class<T>,Object,Throwable)	org.apache.commons.beanutils2.converters.AbstractConverter.log()
org.apache.commons.beanutils2.locale.LocaleBeanificationTestCase.testGetByContextClassLoader()	org.apache.commons.beanutils2.locale.LocaleBeanificationTestCase.Signal.getBean()
org.apache.commons.beanutils2.converters.DateConverterTestBase.testPatternNullDefault()	org.apache.commons.beanutils2.converters.DateConverterTestBase.validConversion(Converter,Object,Object)
org.apache.commons.beanutils2.BeanMapTestCase.testBeanMapClone()	org.apache.commons.beanutils2.BeanMap.clone()
org.apache.commons.beanutils2.converters.BooleanConverterTestCase.testAdditionalStrings()	org.apache.commons.beanutils2.converters.AbstractConverter.convert(Class<T>,Object)
org.apache.commons.beanutils2.BeanUtilsBean2.convert(Object,Class<?>)	org.apache.commons.beanutils2.ConvertUtilsBean.convert(Object,Class<?>)
org.apache.commons.beanutils2.LazyDynaMapTestCase.testIndexedPrimitiveArray()	org.apache.commons.beanutils2.LazyDynaMap.getDynaProperty(String)
org.apache.commons.beanutils2.BaseDynaBeanMapDecorator.getDynaProperties()	org.apache.commons.beanutils2.DynaBean.getDynaClass()
org.apache.commons.beanutils2.PropertyUtilsTestCase.testSetNestedWriteOnly()	org.apache.commons.beanutils2.TestBean.getWriteOnlyPropertyValue()
org.apache.commons.beanutils2.BeanMapTestCase.testMethodAccessor()	org.apache.commons.beanutils2.BeanMapTestCase.makeFullMap()
org.apache.commons.beanutils2.converters.BooleanConverterTestCase.testDefaultValue()	org.apache.commons.beanutils2.converters.BooleanConverterTestCase.testConversionValues(AbstractConverter,String[],String[])
org.apache.commons.beanutils2.BeanMapTestCase.testExceptionThrowFromClone()	org.apache.commons.beanutils2.bugs.other.Jira87BeanFactory.createMappedPropertyBean()
org.apache.commons.beanutils2.converters.DurationConverterTestCase.setUp()	org.apache.commons.beanutils2.converters.DurationConverterTestCase.makeConverter()
org.apache.commons.beanutils2.converters.PeriodConverterTestCase.setUp()	org.apache.commons.beanutils2.converters.PeriodConverterTestCase.makeConverter()
org.apache.commons.beanutils2.IndexedPropertyTestCase.testGetList()	org.apache.commons.beanutils2.PropertyUtilsBean.getProperty(Object,String)
org.apache.commons.beanutils2.BeanUtilsTestCase.testSetPropertyLong()	org.apache.commons.beanutils2.BeanUtils.setProperty(Object,String,Object)
org.apache.commons.beanutils2.PropertyUtilsBean.copyProperties(Object,Object)	org.apache.commons.beanutils2.PropertyUtilsBean.setSimpleProperty(Object,String,Object)
org.apache.commons.beanutils2.converters.DateConverterTestBase.testDefaultType()	org.apache.commons.beanutils2.converters.DateConverterTestBase.getExpectedType()
org.apache.commons.beanutils2.PropertyUtilsBean.setSimpleProperty(Object,String,Object)	org.apache.commons.beanutils2.PropertyUtilsBean.getWriteMethod(Class<?>,PropertyDescriptor)
org.apache.commons.beanutils2.LazyDynaMapTestCase.testIndexedPropertyRestricted()	org.apache.commons.beanutils2.LazyDynaMap.setRestricted(boolean)
org.apache.commons.beanutils2.LazyDynaListTestCase.testSerializationPojo()	org.apache.commons.beanutils2.WrapDynaBean.get(String)
org.apache.commons.beanutils2.DynaRowSetTestCase.testListResults()	org.apache.commons.beanutils2.RowSetDynaClass.getRows()
org.apache.commons.beanutils2.BeanComparatorTestCase.testSetProperty()	org.apache.commons.beanutils2.TestBean.setStringProperty(String)
org.apache.commons.beanutils2.converters.ByteConverterTestCase.testSimpleConversion()	org.apache.commons.beanutils2.Converter.convert(Class<T>,Object)
org.apache.commons.beanutils2.BasicDynaBean.get(String)	org.apache.commons.beanutils2.DynaProperty.getType()
org.apache.commons.beanutils2.PropertyUtilsTestCase.testCopyPropertiesMap()	org.apache.commons.beanutils2.TestBean.getBooleanProperty()
org.apache.commons.beanutils2.DefaultIntrospectionContext.addPropertyDescriptors(PropertyDescriptor[])	org.apache.commons.beanutils2.DefaultIntrospectionContext.addPropertyDescriptor(PropertyDescriptor)
org.apache.commons.beanutils2.WeakFastHashMap.CollectionView.CollectionViewIterator.remove()	org.apache.commons.beanutils2.WeakFastHashMap.remove(Object)
org.apache.commons.beanutils2.PropertyUtilsTestCase.testGetSimpleBoolean()	org.apache.commons.beanutils2.PropertyUtils.getSimpleProperty(Object,String)
org.apache.commons.beanutils2.MethodUtils.invokeExactMethod(Object,String,Object)	org.apache.commons.beanutils2.MethodUtils.toArray(Object)
org.apache.commons.beanutils2.locale.LocaleBeanUtilsBean.invokeSetter(Object,String,String,int,Object)	org.apache.commons.beanutils2.PropertyUtilsBean.setProperty(Object,String,Object)
org.apache.commons.beanutils2.LazyDynaBeanTestCase.testIndexedDynaBeanArray()	org.apache.commons.beanutils2.LazyDynaMap.set(String,Object)
org.apache.commons.beanutils2.IndexedPropertyTestCase.testArrayIndexedReadMethod()	org.apache.commons.beanutils2.PropertyUtilsBean.getPropertyDescriptor(Object,String)
org.apache.commons.beanutils2.LazyDynaBeanTestCase.testIndexedPropertyRestricted()	org.apache.commons.beanutils2.LazyDynaClass.setRestricted(boolean)
org.apache.commons.beanutils2.expression.DefaultResolverTestCase.testNext()	org.apache.commons.beanutils2.expression.DefaultResolverTestCase.label(String,int)
org.apache.commons.beanutils2.BeanIntrospectionData.getWriteMethod(Class<?>,PropertyDescriptor)	org.apache.commons.beanutils2.MethodUtils.getAccessibleMethod(Class<?>,String,Class<?>)
org.apache.commons.beanutils2.BeanUtilsTestCase.testSetPropertyNullValues()	org.apache.commons.beanutils2.BeanUtils.getProperty(Object,String)
org.apache.commons.beanutils2.LazyDynaMapTestCase.testIndexedInvalidType()	org.apache.commons.beanutils2.LazyDynaBean.set(String,int,Object)
org.apache.commons.beanutils2.BeanUtils.initCause(Throwable,Throwable)	org.apache.commons.beanutils2.BeanUtilsBean.initCause(Throwable,Throwable)
org.apache.commons.beanutils2.PropertyUtilsBean.getPropertyOfMapBean(Map<?, ?>,String)	org.apache.commons.beanutils2.expression.Resolver.getProperty(String)
org.apache.commons.beanutils2.LazyDynaList.setElementType(Class<?>)	org.apache.commons.beanutils2.DynaBean.getDynaClass()
org.apache.commons.beanutils2.SuppressPropertiesBeanIntrospectorTestCase.testRemovePropertiesDuringIntrospection()	org.apache.commons.beanutils2.SuppressPropertiesBeanIntrospector.introspect(IntrospectionContext)
org.apache.commons.beanutils2.BeanMapTestCase.makeFullMap()	org.apache.commons.beanutils2.BeanMapTestCase.BeanWithProperties.setSomeObjectValue(Object)
org.apache.commons.beanutils2.LazyDynaListTestCase.dynaBeanTest(LazyDynaList,Class<?>,DynaClass,Object)	org.apache.commons.beanutils2.LazyDynaList.toArray()
org.apache.commons.beanutils2.DynaPropertyUtilsTestCase.testSetSimpleShort()	org.apache.commons.beanutils2.DynaBean.get(String)
org.apache.commons.beanutils2.locale.LocaleBeanificationTestCase.testContextClassLoaderLocal()	org.apache.commons.beanutils2.ContextClassLoaderLocal.get()
org.apache.commons.beanutils2.locale.LocaleBeanificationTestCase.testGetByContextClassLoader()	org.apache.commons.beanutils2.locale.LocaleBeanificationTestCase.Signal.setSignal(int)
org.apache.commons.beanutils2.IndexedPropertyTestCase.testArrayWriteMethod()	org.apache.commons.beanutils2.PropertyUtilsBean.getPropertyDescriptor(Object,String)
org.apache.commons.beanutils2.converters.NumberConverterTestBase.testDateToNumber()	org.apache.commons.beanutils2.converters.NumberConverterTestBase.makeConverter()
org.apache.commons.beanutils2.BeanMapTestCase.testBeanMapPutAllWriteable()	org.apache.commons.beanutils2.BeanMap.get(Object)
org.apache.commons.beanutils2.bugs.Jira345TestCase.testBeanUtilsSetProperty_2DArray()	org.apache.commons.beanutils2.bugs.Jira345TestCase.MyBean.getMatr()
org.apache.commons.beanutils2.memoryleaktests.MemoryLeakTestCase.testWrapDynaClass_dynaClasses_memoryLeak()	org.apache.commons.beanutils2.memoryleaktests.MemoryLeakTestCase.profilerLeakReport(String,String)
org.apache.commons.beanutils2.DynaBeanUtilsTestCase.testGetSimpleProperty()	org.apache.commons.beanutils2.DynaBean.get(String)
org.apache.commons.beanutils2.BeanUtils.getNestedProperty(Object,String)	org.apache.commons.beanutils2.BeanUtilsBean.getInstance()
org.apache.commons.beanutils2.locale.LocaleBeanificationTestCase.SetInstanceTesterThread.run()	org.apache.commons.beanutils2.locale.LocaleBeanUtilsBean.setInstance(LocaleBeanUtilsBean)
org.apache.commons.beanutils2.BasicDynaBeanTestCase.testSetMappedValues()	org.apache.commons.beanutils2.DynaBean.set(String,String,Object)
org.apache.commons.beanutils2.DynaPropertyUtilsTestCase.testGetNestedDouble()	org.apache.commons.beanutils2.DynaBean.get(String)
org.apache.commons.beanutils2.locale.converters.ShortLocaleConverterTestCase.setUp()	org.apache.commons.beanutils2.locale.converters.BaseLocaleConverterTestCase.setUp()
org.apache.commons.beanutils2.converters.DateTimeConverter.convertToType(Class<T>,Object)	org.apache.commons.beanutils2.converters.DateTimeConverter.getZoneId()
org.apache.commons.beanutils2.converters.EnumConverter.convertToType(Class<T>,Object)	org.apache.commons.beanutils2.converters.AbstractConverter.conversionException(Class<?>,Object)
org.apache.commons.beanutils2.locale.LocaleBeanUtilsBean.getSimpleProperty(Object,String,String)	org.apache.commons.beanutils2.PropertyUtilsBean.getSimpleProperty(Object,String)
org.apache.commons.beanutils2.LazyDynaBean.set(String,String,Object)	org.apache.commons.beanutils2.DynaProperty.getType()
org.apache.commons.beanutils2.DynaBeanMapDecoratorTestCase.testPutAll()	org.apache.commons.beanutils2.BasicDynaBean.get(String)
org.apache.commons.beanutils2.BeanPropertyValueChangeConsumerTestCase.testExecuteWithIndexedProperty()	org.apache.commons.beanutils2.TestBean.getIntIndexed(int)
org.apache.commons.beanutils2.BeanUtils.getIndexedProperty(Object,String,int)	org.apache.commons.beanutils2.BeanUtilsBean.getInstance()
org.apache.commons.beanutils2.DynaBeanUtilsTestCase.testCopyPropertiesDynaBean()	org.apache.commons.beanutils2.DynaClass.newInstance()
org.apache.commons.beanutils2.BeanUtilsTestCase.testCopyPropertiesDynaBean()	org.apache.commons.beanutils2.BeanUtils.copyProperties(Object,Object)
org.apache.commons.beanutils2.BeanUtilsTestCase.testSetPropertyConvertToStringIndexed()	org.apache.commons.beanutils2.TestBean.setStringArray(String[])
org.apache.commons.beanutils2.ConstructorUtilsTestCase.testInvokeConstructorWithTypeArray()	org.apache.commons.beanutils2.TestBean.getBooleanProperty()
org.apache.commons.beanutils2.BeanificationTestCase.TestIndependenceThread.run()	org.apache.commons.beanutils2.BeanificationTestCase.Signal.setSignal(int)
org.apache.commons.beanutils2.converters.URIConverterTestCase.testUnsupportedType()	org.apache.commons.beanutils2.Converter.convert(Class<T>,Object)
org.apache.commons.beanutils2.bugs.Jira61TestCase.testIssue_BEANUTILS_61_BeanUtils_copyProperties_from_WrapDynaBean()	org.apache.commons.beanutils2.bugs.other.Jira61BeanFactory.TestBean.getSimpleReadOnly()
org.apache.commons.beanutils2.LazyDynaListTestCase.testDynaBeanType()	org.apache.commons.beanutils2.LazyDynaBean.set(String,Object)
org.apache.commons.beanutils2.locale.converters.FloatLocaleConverterTestCase.testParseZero()	org.apache.commons.beanutils2.locale.LocaleConvertUtils.convert(String,Class<?>,Locale,String)
org.apache.commons.beanutils2.DefaultIntrospectionContextTestCase.testGetPropertyDescriptorUnknown()	org.apache.commons.beanutils2.DefaultIntrospectionContext.addPropertyDescriptor(PropertyDescriptor)
org.apache.commons.beanutils2.BeanUtilsTestCase.testCopyPropertiesDynaBean()	org.apache.commons.beanutils2.TestBean.getByteProperty()
org.apache.commons.beanutils2.BeanMap.Entry.setValue(Object)	org.apache.commons.beanutils2.BeanMap.put(String,Object)
org.apache.commons.beanutils2.bugs.Jira61TestCase.testIssue_BEANUTILS_61_PropertyUtils_isWriteable()	org.apache.commons.beanutils2.PropertyUtils.isWriteable(Object,String)
org.apache.commons.beanutils2.WrapDynaBean.get(String,int)	org.apache.commons.beanutils2.PropertyUtilsBean.getIndexedProperty(Object,String,int)
org.apache.commons.beanutils2.DynaPropertyUtilsTestCase.testSetNestedString()	org.apache.commons.beanutils2.PropertyUtils.setNestedProperty(Object,String,Object)
org.apache.commons.beanutils2.PropertyUtilsTestCase.testMapExtensionCustom()	org.apache.commons.beanutils2.ExtendMapBean.getUnusuallyNamedProperty()
org.apache.commons.beanutils2.JDBCDynaClass.getObject(ResultSet,String)	org.apache.commons.beanutils2.DynaProperty.getType()
org.apache.commons.beanutils2.PropertyUtilsTestCase.testGetMappedMap()	org.apache.commons.beanutils2.PropertyUtils.getProperty(Object,String)
org.apache.commons.beanutils2.BaseDynaBeanMapDecorator.entrySet()	org.apache.commons.beanutils2.BaseDynaBeanMapDecorator.getDynaProperties()
org.apache.commons.beanutils2.PropertyUtilsTestCase.testGetDescriptorReadOnly()	org.apache.commons.beanutils2.PropertyUtilsTestCase.testGetDescriptorBase(String,String,String)
org.apache.commons.beanutils2.bugs.Jira465TestCase.testListProperty()	org.apache.commons.beanutils2.bugs.Jira465TestCase.changeValue(Object)
org.apache.commons.beanutils2.BasicDynaBeanTestCase.testSetSimpleInt()	org.apache.commons.beanutils2.DynaBean.get(String)
org.apache.commons.beanutils2.PropertyUtilsBean.getPropertyOfMapBean(Map<?, ?>,String)	org.apache.commons.beanutils2.expression.Resolver.getKey(String)
org.apache.commons.beanutils2.converters.PathConverterTestCase.testSimpleConversion()	org.apache.commons.beanutils2.Converter.convert(Class<T>,Object)
org.apache.commons.beanutils2.DynaPropertyUtilsTestCase.testSetMappedValues()	org.apache.commons.beanutils2.PropertyUtils.getMappedProperty(Object,String,String)
org.apache.commons.beanutils2.bugs.Jira492TestCase.describe()	org.apache.commons.beanutils2.BeanUtilsBean.describe(Object)
org.apache.commons.beanutils2.converters.AbstractConverter.handleMissing(Class<T>)	org.apache.commons.beanutils2.converters.AbstractConverter.getDefault(Class<?>)
org.apache.commons.beanutils2.converters.DateConverterTestBase.testPatternNullDefault()	org.apache.commons.beanutils2.converters.DateConverterTestBase.toType(String,String,Locale)
org.apache.commons.beanutils2.DynaRowSetTestCase.testGetDynaProperty()	org.apache.commons.beanutils2.DynaProperty.getName()
org.apache.commons.beanutils2.locale.converters.FloatLocaleConverter.parse(Object,String)	org.apache.commons.beanutils2.locale.converters.DecimalLocaleConverter.parse(Object,String)
org.apache.commons.beanutils2.converters.DateTimeConverter.convertToType(Class<T>,Object)	org.apache.commons.beanutils2.converters.DateTimeConverter.toDate(Class<T>,long)
org.apache.commons.beanutils2.BeanPropertyValueEqualsPredicate.test(T)	org.apache.commons.beanutils2.BeanPropertyValueEqualsPredicate.evaluateValue(V,Object)
org.apache.commons.beanutils2.converters.FileConverterTestCase.testUnsupportedTargetType()	org.apache.commons.beanutils2.Converter.convert(Class<T>,Object)
org.apache.commons.beanutils2.DynaPropertyUtilsTestCase.testGetMappedSlashes()	org.apache.commons.beanutils2.PropertyUtils.getNestedProperty(Object,String)
org.apache.commons.beanutils2.PropertyUtilsTestCase.testSetSimpleReadOnly()	org.apache.commons.beanutils2.PropertyUtils.setSimpleProperty(Object,String,Object)
org.apache.commons.beanutils2.BeanUtilsTestCase.testPopulateNested()	org.apache.commons.beanutils2.BeanUtils.populate(Object,Map<String, Object>)
org.apache.commons.beanutils2.BeanUtilsTestCase.testCopyPropertyLong()	org.apache.commons.beanutils2.BeanUtils.copyProperty(Object,String,Object)
org.apache.commons.beanutils2.BasicDynaBeanTestCase.testSerialization()	org.apache.commons.beanutils2.BasicDynaBeanTestCase.testGetSimpleLong()
org.apache.commons.beanutils2.ConvertUtilsBean.convert(Object,Class<?>)	org.apache.commons.beanutils2.Converter.convert(Class<T>,Object)
org.apache.commons.beanutils2.BeanUtilsBean.copyProperties(Object,Object)	org.apache.commons.beanutils2.BeanUtilsBean.getPropertyUtils()
org.apache.commons.beanutils2.PropertyUtilsBean.getReadMethod(Class<?>,PropertyDescriptor)	org.apache.commons.beanutils2.MethodUtils.getAccessibleMethod(Class<?>,Method)
org.apache.commons.beanutils2.DynaBeanUtilsTestCase.testPopulateNested()	org.apache.commons.beanutils2.TestBean.getShortProperty()
org.apache.commons.beanutils2.LazyDynaClass.remove(String)	org.apache.commons.beanutils2.DynaProperty.getName()
org.apache.commons.beanutils2.converters.NumberConverter.toNumber(Class<?>,Class<?>,String)	org.apache.commons.beanutils2.converters.AbstractConverter.log()
org.apache.commons.beanutils2.bugs.Jira61TestCase.testIssue_BEANUTILS_61_PropertyUtils_setProperty()	org.apache.commons.beanutils2.bugs.other.Jira61BeanFactory.TestBean.getSimpleReadOnly()
org.apache.commons.beanutils2.PropertyUtilsTestCase.testGetDescriptorBoolean()	org.apache.commons.beanutils2.PropertyUtilsTestCase.testGetDescriptorBase(String,String,String)
org.apache.commons.beanutils2.bugs.Jira61TestCase.testIssue_BEANUTILS_61_PropertyUtils_copyProperties_from_WrapDynaBean()	org.apache.commons.beanutils2.bugs.other.Jira61BeanFactory.TestBean.getSimpleReadOnly()
org.apache.commons.beanutils2.PropertyUtilsBean.setIndexedProperty(Object,String,int,Object)	org.apache.commons.beanutils2.PropertyUtilsBean.getPropertyDescriptor(Object,String)
org.apache.commons.beanutils2.PropertyUtilsBean.getWriteMethod(Class<?>,PropertyDescriptor)	org.apache.commons.beanutils2.PropertyUtilsBean.getIntrospectionData(Class<?>)
org.apache.commons.beanutils2.MappedPropertyTestCase.testMappedSetterOnly()	org.apache.commons.beanutils2.MappedPropertyDescriptor.getMappedReadMethod()
org.apache.commons.beanutils2.LazyDynaList.toArray()	org.apache.commons.beanutils2.WrapDynaBean.getInstance()
org.apache.commons.beanutils2.BeanUtilsTestCase.testSetPropertyLong()	org.apache.commons.beanutils2.TestBean.getLongProperty()
org.apache.commons.beanutils2.LazyDynaListTestCase.dynaBeanTest(LazyDynaList,Class<?>,DynaClass,Object)	org.apache.commons.beanutils2.LazyDynaList.get(int)
org.apache.commons.beanutils2.PropertyUtilsTestCase.testSetSimpleLong()	org.apache.commons.beanutils2.TestBean.getLongProperty()
org.apache.commons.beanutils2.ConstructorUtils.getMatchingAccessibleConstructor(Class<T>,Class<?>)	org.apache.commons.beanutils2.MethodUtils.isAssignmentCompatible(Class<?>,Class<?>)
org.apache.commons.beanutils2.converters.DateConverterTestBase.testPatternNoDefault()	org.apache.commons.beanutils2.converters.DateConverterTestBase.toSqlTime(Calendar)
org.apache.commons.beanutils2.DynaResultSetTestCase.testIteratorResultsNormalCase()	org.apache.commons.beanutils2.TestResultSet.createProxy()
org.apache.commons.beanutils2.BeanToPropertyValueTransformerTestCase.testTransformWithReadOnlyProperty()	org.apache.commons.beanutils2.TestBean.getReadOnlyProperty()
org.apache.commons.beanutils2.converters.SqlDateConverterTestCase.testDefaultStringToTypeConvert()	org.apache.commons.beanutils2.converters.DateTimeConverter.setUseLocaleFormat(boolean)
org.apache.commons.beanutils2.DynaPropertyUtilsTestCase.testSetSimpleUnknown()	org.apache.commons.beanutils2.DynaBean.getDynaClass()
org.apache.commons.beanutils2.WrapDynaBeanTestCase.testInitWithDynaClass()	org.apache.commons.beanutils2.WrapDynaClass.createDynaClass(Class<?>)
org.apache.commons.beanutils2.BeanUtilsTestCase.testSetPropertyDouble()	org.apache.commons.beanutils2.BeanUtils.setProperty(Object,String,Object)
org.apache.commons.beanutils2.locale.converters.LongLocaleConverterTestCase.tearDown()	org.apache.commons.beanutils2.locale.converters.BaseLocaleConverterTestCase.tearDown()
org.apache.commons.beanutils2.locale.LocaleConvertUtilsBean.convert(Object)	org.apache.commons.beanutils2.locale.LocaleConvertUtilsBean.convert(Object,Locale,String)
org.apache.commons.beanutils2.converters.NumberConverterTestBase.testBooleanToNumberDefault()	org.apache.commons.beanutils2.converters.AbstractConverter.convert(Class<T>,Object)
org.apache.commons.beanutils2.LazyDynaBean.growIndexedProperty(String,Object,int)	org.apache.commons.beanutils2.DynaClass.getDynaProperty(String)
org.apache.commons.beanutils2.PropertyUtils.getNestedProperty(Object,String)	org.apache.commons.beanutils2.PropertyUtilsBean.getInstance()
org.apache.commons.beanutils2.DynaPropertyUtilsTestCase.testGetNestedInt()	org.apache.commons.beanutils2.TestBean.getIntProperty()
org.apache.commons.beanutils2.converters.ArrayConverterTestCase.testEmptyString()	org.apache.commons.beanutils2.converters.ArrayConverterTestCase.checkArray(String,Object,Object)
org.apache.commons.beanutils2.PropertyUtilsTestCase.testGetNestedString()	org.apache.commons.beanutils2.TestBean.getNested()
org.apache.commons.beanutils2.locale.converters.DateLocaleConverterTestCase.testSetLenient()	org.apache.commons.beanutils2.locale.converters.DateLocaleConverter.setLenient(boolean)
org.apache.commons.beanutils2.ResultSetIterator.advance()	org.apache.commons.beanutils2.ResultSetDynaClass.getResultSet()
org.apache.commons.beanutils2.PropertyUtilsTestCase.testGetSimpleShort()	org.apache.commons.beanutils2.PropertyUtils.getSimpleProperty(Object,String)
org.apache.commons.beanutils2.BeanUtilsBean.copyProperties(Object,Object)	org.apache.commons.beanutils2.PropertyUtilsBean.getSimpleProperty(Object,String)
org.apache.commons.beanutils2.BasicDynaBeanTestCase.testGetDescriptorBase(String,Class<?>)	org.apache.commons.beanutils2.DynaClass.getDynaProperty(String)
org.apache.commons.beanutils2.converters.DateConverterTestBase.testMultiplePatterns()	org.apache.commons.beanutils2.converters.DateConverterTestBase.validConversion(Converter,Object,Object)
org.apache.commons.beanutils2.PropertyUtilsTestCase.testGetNestedBoolean()	org.apache.commons.beanutils2.TestBean.getNested()
org.apache.commons.beanutils2.converters.NumberConverterTestBase.testInvalidType()	org.apache.commons.beanutils2.converters.NumberConverterTestBase.makeConverter()
org.apache.commons.beanutils2.PropertyUtilsTestCase.testMapExtensionCustom()	org.apache.commons.beanutils2.PropertyUtilsBean.setProperty(Object,String,Object)
org.apache.commons.beanutils2.BeanUtilsTestCase.testPopulateArrayElements()	org.apache.commons.beanutils2.TestBean.getStringIndexed(int)
org.apache.commons.beanutils2.MappedPropertyTestCase.testDifferentTypes()	org.apache.commons.beanutils2.MappedPropertyDescriptor.getMappedReadMethod()
org.apache.commons.beanutils2.IndexedPropertyTestCase.testSetListItemA()	org.apache.commons.beanutils2.IndexedTestBean.getStringList(int)
org.apache.commons.beanutils2.LazyDynaMapTestCase.testIndexedPropertyDefault()	org.apache.commons.beanutils2.LazyDynaBean.get(String,int)
org.apache.commons.beanutils2.BaseDynaBeanMapDecorator.containsKey(Object)	org.apache.commons.beanutils2.BaseDynaBeanMapDecorator.getDynaBean()
org.apache.commons.beanutils2.locale.LocaleBeanUtilsBean.getIndexedProperty(Object,String,int)	org.apache.commons.beanutils2.locale.LocaleBeanUtilsBean.getIndexedProperty(Object,String,int,String)
org.apache.commons.beanutils2.PropertyUtilsBean.setPropertyOfMapBean(Map<String, Object>,String,Object)	org.apache.commons.beanutils2.expression.Resolver.isMapped(String)
org.apache.commons.beanutils2.PropertyUtilsTestCase.testThrowNestedNull()	org.apache.commons.beanutils2.PropertyUtils.getProperty(Object,String)
org.apache.commons.beanutils2.LazyDynaMapTestCase.testMappedPropertyDefault()	org.apache.commons.beanutils2.LazyDynaBean.get(String)
org.apache.commons.beanutils2.ConvertUtilsTestCase.setUp()	org.apache.commons.beanutils2.ConvertUtils.deregister()
org.apache.commons.beanutils2.locale.LocaleBeanUtils.getSimpleProperty(Object,String,String)	org.apache.commons.beanutils2.locale.LocaleBeanUtilsBean.getSimpleProperty(Object,String,String)
org.apache.commons.beanutils2.BeanUtilsBean.setProperty(Object,String,Object)	org.apache.commons.beanutils2.PropertyUtilsBean.getResolver()
org.apache.commons.beanutils2.DynaBeanUtilsTestCase.testGetSimpleProperty()	org.apache.commons.beanutils2.BeanUtils.getSimpleProperty(Object,String)
org.apache.commons.beanutils2.converters.LocalTimeConverterTestCase.setUp()	org.apache.commons.beanutils2.converters.LocalTimeConverterTestCase.makeConverter()
org.apache.commons.beanutils2.BasicDynaBeanTestCase.testGetMappedArguments()	org.apache.commons.beanutils2.DynaBean.get(String,String)
org.apache.commons.beanutils2.bugs.Jira411TestCase.testSetProperty()	org.apache.commons.beanutils2.BeanUtilsBean.setProperty(Object,String,Object)
org.apache.commons.beanutils2.PropertyUtilsTestCase.testGetDescriptorLong()	org.apache.commons.beanutils2.PropertyUtilsTestCase.testGetDescriptorBase(String,String,String)
org.apache.commons.beanutils2.PropertyUtilsTestCase.testGetNestedLong()	org.apache.commons.beanutils2.TestBean.getLongProperty()
org.apache.commons.beanutils2.converters.DateTimeConverter.parse(Class<?>,Class<?>,String)	org.apache.commons.beanutils2.converters.AbstractConverter.toString(Class<?>)
org.apache.commons.beanutils2.memoryleaktests.MemoryLeakTestCase.forceGarbageCollection()	org.apache.commons.beanutils2.memoryleaktests.MemoryLeakTestCase.getMemoryStats()
org.apache.commons.beanutils2.MethodUtils.setCacheMethods(boolean)	org.apache.commons.beanutils2.MethodUtils.clearCache()
org.apache.commons.beanutils2.ConstructorUtilsTestCase.testInvokeExactConstructorWithTypeArray()	org.apache.commons.beanutils2.TestBean.getStringProperty()
org.apache.commons.beanutils2.PropertyUtilsTestCase.testGetNestedDouble()	org.apache.commons.beanutils2.TestBean.getDoubleProperty()
org.apache.commons.beanutils2.LazyDynaBean.get(String,int)	org.apache.commons.beanutils2.LazyDynaBean.get(String)
org.apache.commons.beanutils2.locale.converters.BaseLocaleConverterTestCase.convertInvalid(BaseLocaleConverter,Object)	org.apache.commons.beanutils2.locale.converters.BaseLocaleConverterTestCase.convertInvalid(BaseLocaleConverter,String,Object)
org.apache.commons.beanutils2.PropertyUtilsBean.isWriteable(Object,String)	org.apache.commons.beanutils2.PropertyUtilsBean.getPropertyDescriptor(Object,String)
org.apache.commons.beanutils2.BeanUtilsTestCase.testCopyPropertiesMap()	org.apache.commons.beanutils2.TestBean.getShortProperty()
org.apache.commons.beanutils2.converters.ArrayConverterTestCase.testComponentIntegerConverter()	org.apache.commons.beanutils2.converters.AbstractConverter.convert(Class<T>,Object)
org.apache.commons.beanutils2.ResultSetIterator.set(String,Object)	org.apache.commons.beanutils2.JDBCDynaClass.getDynaProperty(String)
org.apache.commons.beanutils2.BeanPropertyValueChangeConsumerTestCase.testExecuteWithNestedProperty()	org.apache.commons.beanutils2.TestBean.getStringProperty()
org.apache.commons.beanutils2.MethodUtilsTestCase.testInvokeExactMethodFromInterface()	org.apache.commons.beanutils2.priv.PrivateBeanFactory.create()
org.apache.commons.beanutils2.PropertyUtilsBean.getIntrospectionData(Class<?>)	org.apache.commons.beanutils2.WeakFastHashMap.put(K,V)
org.apache.commons.beanutils2.converters.ClassConverterTestCase.testConvertToString()	org.apache.commons.beanutils2.Converter.convert(Class<T>,Object)
org.apache.commons.beanutils2.BeanUtilsTestCase.testCopyPropertiesStandard()	org.apache.commons.beanutils2.TestBean.getLongProperty()
org.apache.commons.beanutils2.PropertyUtilsTestCase.testExceptionFromInvoke()	org.apache.commons.beanutils2.BeanUtilsTestCase.isPre14JVM()
org.apache.commons.beanutils2.bugs.Jira492TestCase.getPropertyType()	org.apache.commons.beanutils2.bugs.other.Jira492IndexedListsSupport.supportsIndexedLists()
org.apache.commons.beanutils2.LazyDynaClassTestCase.testAddProperty2()	org.apache.commons.beanutils2.DynaProperty.getType()
org.apache.commons.beanutils2.PropertyUtilsBean.getIntrospectionData(Class<?>)	org.apache.commons.beanutils2.PropertyUtilsBean.fetchIntrospectionData(Class<?>)
org.apache.commons.beanutils2.LazyDynaMapTestCase.testIndexedDynaBeanArray()	org.apache.commons.beanutils2.LazyDynaBean.get(String,int)
org.apache.commons.beanutils2.WrapDynaBeanTestCase.checkSimplePropertyAccess()	org.apache.commons.beanutils2.TestBean.setStringProperty(String)
org.apache.commons.beanutils2.converters.MemoryTestCase.testComponentRegistersCustomConverter()	org.apache.commons.beanutils2.ConvertUtils.lookup(Class<?>)
org.apache.commons.beanutils2.converters.MemoryTestCase.testComponentRegistersStandardConverter()	org.apache.commons.beanutils2.ConvertUtils.deregister()
org.apache.commons.beanutils2.BeanUtilsTestCase.testSetPropertyConvertToStringIndexed()	org.apache.commons.beanutils2.TestBean.getStringArray()
org.apache.commons.beanutils2.LazyDynaBean.createMappedProperty(String,Class<?>)	org.apache.commons.beanutils2.LazyDynaBean.defaultMappedProperty(String)
org.apache.commons.beanutils2.locale.LocaleBeanUtils.getProperty(Object,String)	org.apache.commons.beanutils2.locale.LocaleBeanUtilsBean.getLocaleBeanUtilsInstance()
org.apache.commons.beanutils2.DynaBeanUtilsTestCase.setUp()	org.apache.commons.beanutils2.DynaBeanUtilsTestCase.createDynaClass()
org.apache.commons.beanutils2.BeanificationTestCase.testMemoryLeak2()	org.apache.commons.beanutils2.BeanUtilsTestCase.isPre14JVM()
org.apache.commons.beanutils2.memoryleaktests.MemoryLeakTestCase.testMethodUtils_cache_memoryLeak()	org.apache.commons.beanutils2.memoryleaktests.MemoryLeakTestCase.clearAllBeanUtilsCaches()
org.apache.commons.beanutils2.converters.UUIDConverterTestCase.setUp()	org.apache.commons.beanutils2.converters.UUIDConverterTestCase.makeConverter()
org.apache.commons.beanutils2.memoryleaktests.MemoryLeakTestCase.testMappedPropertyDescriptor_MappedMethodReference2()	org.apache.commons.beanutils2.MappedPropertyDescriptor.getMappedReadMethod()
org.apache.commons.beanutils2.LazyDynaMapTestCase.testSimplePropertyRestricted()	org.apache.commons.beanutils2.LazyDynaMap.setRestricted(boolean)
org.apache.commons.beanutils2.PropertyUtilsBean.getSimpleProperty(Object,String)	org.apache.commons.beanutils2.DynaBean.get(String)
org.apache.commons.beanutils2.bugs.Jira298TestCase.testIssue_BEANUTILS_298_PropertyUtils_setProperty()	org.apache.commons.beanutils2.bugs.other.Jira298BeanFactory.IX.getName()
org.apache.commons.beanutils2.BeanificationTestCase.SetInstanceTesterThread.run()	org.apache.commons.beanutils2.BeanificationTestCase.Signal.setSignal(int)
org.apache.commons.beanutils2.locale.LocaleBeanificationTestCase.testLocaleAwareConverterInConvertUtils()	org.apache.commons.beanutils2.ConvertUtils.register(Converter,Class<?>)
org.apache.commons.beanutils2.locale.LocaleBeanUtilsBean.definePropertyType(Object,String,String)	org.apache.commons.beanutils2.DynaClass.getDynaProperty(String)
org.apache.commons.beanutils2.DynaBeanUtilsTestCase.testCopyPropertyNestedIndexedArray()	org.apache.commons.beanutils2.DynaBeanUtilsTestCase.checkIntArray(int[],int[])
org.apache.commons.beanutils2.LazyDynaBeanTestCase.testIndexedPropertyUtils()	org.apache.commons.beanutils2.LazyDynaClass.setReturnNull(boolean)
org.apache.commons.beanutils2.LazyDynaMapTestCase.testMappedPropertyTreeMap()	org.apache.commons.beanutils2.DynaProperty.isMapped()
org.apache.commons.beanutils2.DynaPropertyUtilsTestCase.testGetNestedReadOnly()	org.apache.commons.beanutils2.DynaBean.get(String)
org.apache.commons.beanutils2.TestResultSet.invoke(Object,Method,Object[])	org.apache.commons.beanutils2.TestResultSet.getMetaData()
org.apache.commons.beanutils2.LazyDynaList.transform(Object)	org.apache.commons.beanutils2.LazyDynaMap.getMap()
org.apache.commons.beanutils2.converters.NumberConverter.toNumber(Class<?>,Class<?>,String)	org.apache.commons.beanutils2.converters.AbstractConverter.toString(Class<?>)
org.apache.commons.beanutils2.converters.NumberConverterTestBase.testStringToNumberDefaultType()	org.apache.commons.beanutils2.converters.NumberConverterTestBase.makeConverter()
org.apache.commons.beanutils2.DynaPropertyUtilsTestCase.testGetNestedBoolean()	org.apache.commons.beanutils2.TestBean.getBooleanProperty()
org.apache.commons.beanutils2.locale.LocaleConvertUtilsBean.lookup(Locale)	org.apache.commons.beanutils2.locale.LocaleConvertUtilsBean.DelegateFastHashMap.get(Object)
org.apache.commons.beanutils2.LazyDynaBean.get(String,String)	org.apache.commons.beanutils2.DynaProperty.getType()
org.apache.commons.beanutils2.DynaPropertyUtilsTestCase.testGetNestedLong()	org.apache.commons.beanutils2.DynaBean.get(String)
org.apache.commons.beanutils2.MethodUtils.invokeExactStaticMethod(Class<?>,String,Object)	org.apache.commons.beanutils2.MethodUtils.invokeExactStaticMethod(Class<?>,String,Object[])
org.apache.commons.beanutils2.ConstructorUtils.invokeExactConstructor(Class<T>,Object[],Class<?>)	org.apache.commons.beanutils2.ConstructorUtils.getAccessibleConstructor(Class<T>,Class<?>)
org.apache.commons.beanutils2.BeanComparator.compare(T,T)	org.apache.commons.beanutils2.PropertyUtils.getProperty(Object,String)
org.apache.commons.beanutils2.BeanUtilsBean.getArrayProperty(Object,String)	org.apache.commons.beanutils2.BeanUtilsBean.getConvertUtils()
org.apache.commons.beanutils2.converters.BooleanConverter.convertToType(Class<T>,Object)	org.apache.commons.beanutils2.converters.AbstractConverter.conversionException(Class<?>,Object)
org.apache.commons.beanutils2.MethodUtilsTestCase.testInvokeMethodUnknown()	org.apache.commons.beanutils2.MethodUtils.invokeMethod(Object,String,Object)
org.apache.commons.beanutils2.bugs.Jira359TestCase.testBeanUtilsSetProperty_DefaultConvertStringToArray_WithColonValue()	org.apache.commons.beanutils2.bugs.Jira359TestCase.SimplePojoData.getJcrMixinTypes()
org.apache.commons.beanutils2.BasicDynaBeanTestCase.testSerialization()	org.apache.commons.beanutils2.BasicDynaBeanTestCase.testGetDescriptorArguments()
org.apache.commons.beanutils2.converters.DateConverterTestBase.toSqlDate(Calendar)	org.apache.commons.beanutils2.converters.DateConverterTestBase.getTimeInMillis(Object)
org.apache.commons.beanutils2.bugs.Jira157TestCase.setUp()	org.apache.commons.beanutils2.PropertyUtilsBean.removeBeanIntrospector(BeanIntrospector)
org.apache.commons.beanutils2.BeanUtilsTestCase.testSetPropertyConvertToStringArray()	org.apache.commons.beanutils2.BeanUtils.setProperty(Object,String,Object)
org.apache.commons.beanutils2.LazyDynaMap.set(String,Object)	org.apache.commons.beanutils2.LazyDynaMap.isRestricted()
org.apache.commons.beanutils2.LazyDynaMapTestCase.testIndexedLinkedList()	org.apache.commons.beanutils2.LazyDynaMap.add(String,Class<?>)
org.apache.commons.beanutils2.converters.IntegerConverterTestCase.testInvalidDefaultObject()	org.apache.commons.beanutils2.converters.AbstractConverter.setDefaultValue(Object)
org.apache.commons.beanutils2.PropertyUtilsBean.getNestedProperty(Object,String)	org.apache.commons.beanutils2.PropertyUtilsBean.getIndexedProperty(Object,String)
org.apache.commons.beanutils2.WeakFastHashMap.CollectionView.hashCode()	org.apache.commons.beanutils2.WeakFastHashMap.CollectionView.get(Map<K, V>)
org.apache.commons.beanutils2.MethodUtilsTestCase.testGetAccessibleMethodIndirectInterface()	org.apache.commons.beanutils2.priv.PrivateBeanFactory.createSubclass()
org.apache.commons.beanutils2.LazyDynaBeanTestCase.testIndexedPrimitiveArray()	org.apache.commons.beanutils2.LazyDynaBean.get(String,int)
org.apache.commons.beanutils2.bugs.Jira493TestCase.testIndexedProperties()	org.apache.commons.beanutils2.LazyDynaBean.get(String)
org.apache.commons.beanutils2.converters.FileConverterTestCase.setUp()	org.apache.commons.beanutils2.converters.FileConverterTestCase.makeConverter()
org.apache.commons.beanutils2.MethodUtilsTestCase.testStaticInvokeMethod()	org.apache.commons.beanutils2.MethodUtils.invokeStaticMethod(Class<?>,String,Object[])
org.apache.commons.beanutils2.BeanUtilsTestCase.testCopyPropertiesMap()	org.apache.commons.beanutils2.TestBean.getStringProperty()
org.apache.commons.beanutils2.BeanUtilsBean.copyProperty(Object,String,Object)	org.apache.commons.beanutils2.expression.Resolver.getIndex(String)
org.apache.commons.beanutils2.converters.DateConverterTestBase.testDefaultType()	org.apache.commons.beanutils2.converters.DateConverterTestBase.makeConverter()
org.apache.commons.beanutils2.PropertyUtilsBean.getPropertyType(Object,String)	org.apache.commons.beanutils2.expression.Resolver.getProperty(String)
org.apache.commons.beanutils2.LazyDynaBeanTestCase.testIndexedPrimitiveArray()	org.apache.commons.beanutils2.LazyDynaClass.getDynaProperty(String)
org.apache.commons.beanutils2.MethodUtilsTestCase.testClearCache()	org.apache.commons.beanutils2.MethodUtils.invokeMethod(Object,String,Object)
org.apache.commons.beanutils2.PropertyUtilsTestCase.testResetBeanIntrospectors()	org.apache.commons.beanutils2.PropertyUtils.resetBeanIntrospectors()
org.apache.commons.beanutils2.locale.converters.DoubleLocaleConverterTestCase.setUp()	org.apache.commons.beanutils2.locale.converters.BaseLocaleConverterTestCase.setUp()
org.apache.commons.beanutils2.PropertyUtilsTestCase.testSetNestedDouble()	org.apache.commons.beanutils2.TestBean.getDoubleProperty()
org.apache.commons.beanutils2.PropertyUtilsBean.isWriteable(Object,String)	org.apache.commons.beanutils2.expression.Resolver.hasNested(String)
org.apache.commons.beanutils2.BeanUtilsTestCase.testCopyPropertiesStandard()	org.apache.commons.beanutils2.TestBean.getDupProperty()
org.apache.commons.beanutils2.ConvertUtilsTestCase.testDeregisteringSingleConverter()	org.apache.commons.beanutils2.ConvertUtils.deregister(Class<?>)
org.apache.commons.beanutils2.LazyDynaBeanTestCase.testMappedPropertyRestricted()	org.apache.commons.beanutils2.LazyDynaBean.get(String)
org.apache.commons.beanutils2.BeanComparatorTestCase.testCompareOnMissingProperty()	org.apache.commons.beanutils2.BeanComparator.compare(T,T)
org.apache.commons.beanutils2.locale.converters.IntegerLocaleConverterTestCase.tearDown()	org.apache.commons.beanutils2.locale.converters.BaseLocaleConverterTestCase.tearDown()
org.apache.commons.beanutils2.LazyDynaMapTestCase.testMappedInvalidType()	org.apache.commons.beanutils2.LazyDynaBean.set(String,String,Object)
org.apache.commons.beanutils2.converters.SqlTimestampConverterTestCase.testDefaultStringToTypeConvert()	org.apache.commons.beanutils2.converters.DateTimeConverter.setUseLocaleFormat(boolean)
org.apache.commons.beanutils2.MethodUtilsTestCase.testInvokeMethodPrimitiveBoolean()	org.apache.commons.beanutils2.MethodUtils.invokeMethod(Object,String,Object)
org.apache.commons.beanutils2.BeanUtilsTestCase.testCopyPropertiesDynaBean()	org.apache.commons.beanutils2.TestBean.getShortProperty()
org.apache.commons.beanutils2.bugs.Jira157TestCase.setUp()	org.apache.commons.beanutils2.BeanUtilsBean.setInstance(BeanUtilsBean)
org.apache.commons.beanutils2.BeanUtilsBean.copyProperty(Object,String,Object)	org.apache.commons.beanutils2.PropertyUtilsBean.getResolver()
org.apache.commons.beanutils2.converters.ArrayConverterTestCase.testComponentIntegerConverter()	org.apache.commons.beanutils2.converters.NumberConverter.setLocale(Locale)
org.apache.commons.beanutils2.DynaPropertyUtilsTestCase.testGetNestedShort()	org.apache.commons.beanutils2.DynaBean.get(String)
org.apache.commons.beanutils2.PropertyUtilsTestCase.testMappedPropertyType()	org.apache.commons.beanutils2.PropertyUtils.getPropertyDescriptor(Object,String)
org.apache.commons.beanutils2.PropertyUtilsTestCase.testGetSetInnerBean()	org.apache.commons.beanutils2.PropertyUtils.setProperty(Object,String,Object)
org.apache.commons.beanutils2.SuppressPropertiesBeanIntrospector.introspect(IntrospectionContext)	org.apache.commons.beanutils2.IntrospectionContext.removePropertyDescriptor(String)
org.apache.commons.beanutils2.DynaPropertyUtilsTestCase.testSetNestedInt()	org.apache.commons.beanutils2.TestBean.getIntProperty()
org.apache.commons.beanutils2.converters.DateTimeConverter.toString()	org.apache.commons.beanutils2.converters.AbstractConverter.toString(Class<?>)
org.apache.commons.beanutils2.WeakFastHashMap.CollectionView.retainAll(Collection<?>)	org.apache.commons.beanutils2.WeakFastHashMap.cloneMap(Map<? extends K, ? extends V>)
org.apache.commons.beanutils2.ConvertUtilsBean.convert(Object,Class<?>)	org.apache.commons.beanutils2.ConvertUtilsBean.lookup(Class<?>)
org.apache.commons.beanutils2.DynaPropertyUtilsTestCase.testDescribe()	org.apache.commons.beanutils2.PropertyUtils.describe(Object)
org.apache.commons.beanutils2.converters.BooleanConverterTestCase.testDefaultValue()	org.apache.commons.beanutils2.converters.AbstractConverter.convert(Class<T>,Object)
org.apache.commons.beanutils2.ConvertUtilsBean.deregister()	org.apache.commons.beanutils2.ConvertUtilsBean.registerPrimitives(boolean)
org.apache.commons.beanutils2.DynaPropertyUtilsTestCase.setUp()	org.apache.commons.beanutils2.DynaClass.newInstance()
org.apache.commons.beanutils2.PropertyUtilsTestCase.testSetNoGetter()	org.apache.commons.beanutils2.BetaBean.setNoGetterProperty(String)
org.apache.commons.beanutils2.DynaRowSetTestCase.testGetDynaProperties()	org.apache.commons.beanutils2.JDBCDynaClass.getDynaProperties()
org.apache.commons.beanutils2.BeanPropertyValueEqualsPredicateTestCase.testEvaluateWithReadOnlyProperty()	org.apache.commons.beanutils2.TestBean.getReadOnlyProperty()
org.apache.commons.beanutils2.IndexedPropertyTestCase.testArrayListWriteMethod()	org.apache.commons.beanutils2.PropertyUtilsBean.getPropertyDescriptor(Object,String)
org.apache.commons.beanutils2.BasicDynaBeanTestCase.testSetIndexedArguments()	org.apache.commons.beanutils2.DynaBean.set(String,int,Object)
org.apache.commons.beanutils2.converters.DateConverterTestBase.testLocale()	org.apache.commons.beanutils2.converters.DateConverterTestBase.invalidConversion(Converter,Object)
org.apache.commons.beanutils2.expression.DefaultResolver.hasNested(String)	org.apache.commons.beanutils2.expression.DefaultResolver.remove(String)
org.apache.commons.beanutils2.locale.LocaleBeanUtilsBean.setProperty(Object,String,Object)	org.apache.commons.beanutils2.locale.LocaleBeanUtilsBean.setProperty(Object,String,Object,String)
org.apache.commons.beanutils2.DynaBeanUtilsTestCase.testCopyPropertyShort()	org.apache.commons.beanutils2.DynaBean.get(String)
org.apache.commons.beanutils2.locale.LocaleConvertUtils.register(LocaleConverter,Class<?>,Locale)	org.apache.commons.beanutils2.locale.LocaleConvertUtilsBean.register(LocaleConverter,Class<?>,Locale)
org.apache.commons.beanutils2.converters.DateTimeConverter.toDate(Class<T>,long)	org.apache.commons.beanutils2.converters.AbstractConverter.log()
org.apache.commons.beanutils2.LazyDynaList.set(int,Object)	org.apache.commons.beanutils2.LazyDynaList.transform(Object)
org.apache.commons.beanutils2.LazyDynaClassTestCase.testAddProperty3()	org.apache.commons.beanutils2.LazyDynaClass.add(String,Class<?>,boolean,boolean)
org.apache.commons.beanutils2.DynaPropertyTestCase.testHashCode()	org.apache.commons.beanutils2.DynaProperty.hashCode()
org.apache.commons.beanutils2.expression.DefaultResolverTestCase.testIsIndexed()	org.apache.commons.beanutils2.expression.DefaultResolverTestCase.label(String,int)
org.apache.commons.beanutils2.LazyDynaClass.remove(String)	org.apache.commons.beanutils2.BasicDynaClass.setProperties(DynaProperty[])
org.apache.commons.beanutils2.DynaPropertyUtilsTestCase.testSetIndexedValues()	org.apache.commons.beanutils2.PropertyUtils.setIndexedProperty(Object,String,int,Object)
org.apache.commons.beanutils2.ConstructorUtils.invokeExactConstructor(Class<T>,Object[])	org.apache.commons.beanutils2.ConstructorUtils.invokeExactConstructor(Class<T>,Object[],Class<?>)
org.apache.commons.beanutils2.BeanUtils.copyProperties(Object,Object)	org.apache.commons.beanutils2.BeanUtilsBean.getInstance()
org.apache.commons.beanutils2.LazyDynaBeanTestCase.testIndexedInvalidType()	org.apache.commons.beanutils2.LazyDynaClass.getDynaProperty(String)
org.apache.commons.beanutils2.BeanUtilsTestCase.testSetPropertyShort()	org.apache.commons.beanutils2.TestBean.getShortProperty()
org.apache.commons.beanutils2.BeanUtilsBean.convert(Object,Class<?>)	org.apache.commons.beanutils2.ConvertUtilsBean.lookup(Class<?>)
org.apache.commons.beanutils2.ConstructorUtils.getAccessibleConstructor(Class<T>,Class<?>)	org.apache.commons.beanutils2.ConstructorUtils.getAccessibleConstructor(Class<T>,Class<?>)
org.apache.commons.beanutils2.BeanUtilsTestCase.testCopyPropertyNull()	org.apache.commons.beanutils2.TestBean.getNullProperty()
org.apache.commons.beanutils2.converters.DateTimeConverter.setPattern(String)	org.apache.commons.beanutils2.converters.DateTimeConverter.setPatterns(String[])
org.apache.commons.beanutils2.bugs.Jira345TestCase.testBeanUtilsSetProperty_3DArray()	org.apache.commons.beanutils2.bugs.Jira345TestCase.MyBean.getMatr3D()
org.apache.commons.beanutils2.DynaBeanUtilsTestCase.testCopyPropertyNestedSimple()	org.apache.commons.beanutils2.DynaBean.set(String,Object)
org.apache.commons.beanutils2.bugs.Jira273TestCase.testIssue_BEANUTILS_273_AnonymousOverridden()	org.apache.commons.beanutils2.PropertyUtils.getProperty(Object,String)
org.apache.commons.beanutils2.BeanComparatorTestCase.testCompareOnBooleanProperty()	org.apache.commons.beanutils2.BeanComparator.compare(T,T)
org.apache.commons.beanutils2.BeanUtilsTestCase.testGetNestedProperty()	org.apache.commons.beanutils2.BeanUtils.getNestedProperty(Object,String)
org.apache.commons.beanutils2.ConvertUtils.convert(Object,Class<?>)	org.apache.commons.beanutils2.ConvertUtilsBean.getInstance()
org.apache.commons.beanutils2.LazyDynaBean.growIndexedProperty(String,Object,int)	org.apache.commons.beanutils2.LazyDynaBean.getDynaClass()
org.apache.commons.beanutils2.LazyDynaClassTestCase.testRemovePropertyDoesntExist()	org.apache.commons.beanutils2.LazyDynaClass.isDynaProperty(String)
org.apache.commons.beanutils2.bugs.Jira422TestCase.testSecondChildBean()	org.apache.commons.beanutils2.PropertyUtils.getPropertyType(Object,String)
org.apache.commons.beanutils2.DynaRowSetTestCase.testInconsistentOracleDriver()	org.apache.commons.beanutils2.DynaProperty.getType()
org.apache.commons.beanutils2.ConstructorUtilsTestCase.testInvokeExactConstructorWithTypeArray()	org.apache.commons.beanutils2.TestBean.isBooleanSecond()
org.apache.commons.beanutils2.ConvertUtilsBean.deregister()	org.apache.commons.beanutils2.ConvertUtilsBean.registerStandard(boolean,boolean)
org.apache.commons.beanutils2.LazyDynaBeanTestCase.testSimplePropertyRestricted()	org.apache.commons.beanutils2.LazyDynaBean.set(String,Object)
org.apache.commons.beanutils2.DynaResultSetTestCase.setUp()	org.apache.commons.beanutils2.TestResultSet.createProxy()
org.apache.commons.beanutils2.PropertyUtils.getIndexedProperty(Object,String)	org.apache.commons.beanutils2.PropertyUtilsBean.getInstance()
org.apache.commons.beanutils2.PropertyUtilsBean.copyProperties(Object,Object)	org.apache.commons.beanutils2.DynaProperty.getName()
org.apache.commons.beanutils2.bugs.Jira339TestCase.testIssue_BEANUTILS_331_BeanUtilsBean_populate()	org.apache.commons.beanutils2.bugs.Jira339TestCase.TestBean.getComparator()
org.apache.commons.beanutils2.LazyDynaListTestCase.main(String[])	org.apache.commons.beanutils2.LazyDynaListTestCase.suite()
org.apache.commons.beanutils2.BeanUtilsTestCase.testPopulateMapped()	org.apache.commons.beanutils2.TestBean.getMappedProperty(String)
org.apache.commons.beanutils2.LazyDynaBean.set(String,int,Object)	org.apache.commons.beanutils2.DynaProperty.getType()
org.apache.commons.beanutils2.BeanUtilsTestCase.testSetPropertyConvertToStringIndexed()	org.apache.commons.beanutils2.BeanUtils.setProperty(Object,String,Object)
org.apache.commons.beanutils2.BeanUtilsTestCase.testSetPropertyFloat()	org.apache.commons.beanutils2.TestBean.getFloatProperty()
org.apache.commons.beanutils2.LazyDynaList.transform(Object)	org.apache.commons.beanutils2.LazyDynaList.setElementDynaClass(DynaClass)
org.apache.commons.beanutils2.bugs.Jira273TestCase.testIssue_BEANUTILS_273_PrivatePrivatePublicNotOverridden()	org.apache.commons.beanutils2.bugs.other.Jira273BeanFactory.createPrivatePrivatePublicNotOverridden()
org.apache.commons.beanutils2.DynaBeanUtilsTestCase.testCopyPropertiesStandard()	org.apache.commons.beanutils2.TestBean.setLongProperty(long)
org.apache.commons.beanutils2.converters.DateConverterTestBase.toType(String,String,Locale)	org.apache.commons.beanutils2.converters.DateConverterTestBase.toType(Calendar)
org.apache.commons.beanutils2.BasicDynaBeanTestCase.testSerialization()	org.apache.commons.beanutils2.BasicDynaBeanTestCase.testGetSimpleInt()
org.apache.commons.beanutils2.BeanificationTestCase.convert(Class<T>,Object)	org.apache.commons.beanutils2.ConvertUtils.primitiveToWrapper(Class<T>)
org.apache.commons.beanutils2.bugs.Jira87TestCase.testJira87()	org.apache.commons.beanutils2.bugs.other.Jira87BeanFactory.createMappedPropertyBean()
org.apache.commons.beanutils2.converters.NumberConverterTestBase.testStringToNumberPattern()	org.apache.commons.beanutils2.converters.NumberConverterTestBase.getExpectedType()
org.apache.commons.beanutils2.DynaBeanUtilsTestCase.testCopyPropertyByte()	org.apache.commons.beanutils2.DynaBean.get(String)
org.apache.commons.beanutils2.BeanUtilsBean.copyProperties(Object,Object)	org.apache.commons.beanutils2.DynaClass.getDynaProperties()
org.apache.commons.beanutils2.MethodUtils.getAccessibleMethod(Method)	org.apache.commons.beanutils2.MethodUtils.getAccessibleMethod(Class<?>,Method)
org.apache.commons.beanutils2.bugs.Jira273TestCase.main(String[])	org.apache.commons.beanutils2.bugs.Jira273TestCase.suite()
org.apache.commons.beanutils2.converters.DateConverterTestBase.invalidConversion(Converter,Object)	org.apache.commons.beanutils2.Converter.convert(Class<T>,Object)
org.apache.commons.beanutils2.PropertyUtilsTestCase.testGetReadMethodBasic()	org.apache.commons.beanutils2.PropertyUtilsTestCase.testGetReadMethod(Object,String[],String)
org.apache.commons.beanutils2.locale.LocaleConvertUtils.setApplyLocalized(boolean)	org.apache.commons.beanutils2.locale.LocaleConvertUtilsBean.getInstance()
org.apache.commons.beanutils2.LazyDynaListTestCase.dynaBeanTest(LazyDynaList,Class<?>,DynaClass,Object)	org.apache.commons.beanutils2.LazyDynaList.addAll(int,Collection<?>)
org.apache.commons.beanutils2.MethodUtilsTestCase.testClearCache()	org.apache.commons.beanutils2.MethodUtils.clearCache()
org.apache.commons.beanutils2.bugs.Jira492TestCase.getIndexedProperty()	org.apache.commons.beanutils2.BeanUtilsBean.getIndexedProperty(Object,String,int)
org.apache.commons.beanutils2.BeanUtilsTestCase.testSetPropertyNull()	org.apache.commons.beanutils2.TestBean.getNullProperty()
org.apache.commons.beanutils2.PropertyUtilsTestCase.testCopyPropertiesMap()	org.apache.commons.beanutils2.TestBean.getShortProperty()
org.apache.commons.beanutils2.MethodUtilsTestCase.testNoCaching()	org.apache.commons.beanutils2.MethodUtils.invokeMethod(Object,String,Object)
org.apache.commons.beanutils2.bugs.Jira465TestCase.testArrayIndexedProperty()	org.apache.commons.beanutils2.bugs.Jira465TestCase.ArrayIndexedProp.getFoo(int)
org.apache.commons.beanutils2.BeanUtilsBenchCase.setUp()	org.apache.commons.beanutils2.BenchBean.getStringProperty()
org.apache.commons.beanutils2.converters.FileConverter.convertToType(Class<T>,Object)	org.apache.commons.beanutils2.converters.AbstractConverter.conversionException(Class<?>,Object)
org.apache.commons.beanutils2.IndexedPropertyTestCase.testListIndexedPropertyDescriptor()	org.apache.commons.beanutils2.bugs.other.Jira492IndexedListsSupport.supportsIndexedLists()
org.apache.commons.beanutils2.memoryleaktests.MemoryLeakTestCase.testMappedPropertyDescriptor_MappedMethodReference1()	org.apache.commons.beanutils2.MappedPropertyDescriptor.getMappedWriteMethod()
org.apache.commons.beanutils2.BeanUtilsBean.copyProperties(Object,Object)	org.apache.commons.beanutils2.DynaBean.getDynaClass()
org.apache.commons.beanutils2.expression.DefaultResolverTestCase.testGetMapKey()	org.apache.commons.beanutils2.expression.DefaultResolver.getKey(String)
org.apache.commons.beanutils2.BeanUtilsBean.setProperty(Object,String,Object)	org.apache.commons.beanutils2.expression.Resolver.getIndex(String)
org.apache.commons.beanutils2.locale.LocaleBeanificationTestCase.CCLLTesterThread.run()	org.apache.commons.beanutils2.ContextClassLoaderLocal.set(T)
org.apache.commons.beanutils2.MethodUtilsTestCase.testSimpleStatic1()	org.apache.commons.beanutils2.TestBean.currentCounter()
org.apache.commons.beanutils2.BeanUtilsTestCase.testGetSimpleProperty()	org.apache.commons.beanutils2.BeanUtils.getSimpleProperty(Object,String)
org.apache.commons.beanutils2.BeanUtilsBean.copyProperty(Object,String,Object)	org.apache.commons.beanutils2.expression.Resolver.next(String)
org.apache.commons.beanutils2.converters.DateConverterTestBase.testConvertDate()	org.apache.commons.beanutils2.converters.DateConverterTestBase.getTimeInMillis(Object)
org.apache.commons.beanutils2.BeanMapTestCase.makeFullMap()	org.apache.commons.beanutils2.BeanMapTestCase.BeanWithProperties.setSomeByteValue(byte)
org.apache.commons.beanutils2.bugs.Jira463TestCase.testSuppressClassProperty()	org.apache.commons.beanutils2.PropertyUtilsBean.addBeanIntrospector(BeanIntrospector)
org.apache.commons.beanutils2.DynaPropertyUtilsTestCase.testGetNestedArguments()	org.apache.commons.beanutils2.PropertyUtils.getNestedProperty(Object,String)
org.apache.commons.beanutils2.LazyDynaBeanTestCase.testSimpleProperty()	org.apache.commons.beanutils2.DynaProperty.getType()
org.apache.commons.beanutils2.PropertyUtilsBean.getPropertyOfMapBean(Map<?, ?>,String)	org.apache.commons.beanutils2.expression.Resolver.isIndexed(String)
org.apache.commons.beanutils2.locale.LocaleBeanUtilsBean.getSimpleProperty(Object,String)	org.apache.commons.beanutils2.locale.LocaleBeanUtilsBean.getSimpleProperty(Object,String,String)
org.apache.commons.beanutils2.BeanToPropertyValueTransformerTestCase.testTransformWithNestedProperty()	org.apache.commons.beanutils2.TestBean.setAnotherNested(TestBean)
org.apache.commons.beanutils2.ConvertUtils.lookup(Class<?>)	org.apache.commons.beanutils2.ConvertUtilsBean.getInstance()
org.apache.commons.beanutils2.WeakFastHashMap.CollectionView.toArray()	org.apache.commons.beanutils2.WeakFastHashMap.CollectionView.get(Map<K, V>)
org.apache.commons.beanutils2.BeanUtilsTestCase.testCopyPropertyWriteOnly()	org.apache.commons.beanutils2.TestBean.getWriteOnlyPropertyValue()
org.apache.commons.beanutils2.converters.StringConverterTestCase.testConvertToUnsupportedType()	org.apache.commons.beanutils2.converters.AbstractConverter.convert(Class<T>,Object)
org.apache.commons.beanutils2.memoryleaktests.MemoryLeakTestCase.clearAllBeanUtilsCaches()	org.apache.commons.beanutils2.BeanUtilsBean.getInstance()
org.apache.commons.beanutils2.BasicDynaBeanTestCase.testGetDescriptors()	org.apache.commons.beanutils2.DynaClass.getDynaProperties()
org.apache.commons.beanutils2.PropertyUtilsTestCase.testNestedWithIndex()	org.apache.commons.beanutils2.NestedTestBean.getSimpleBeanProperty()
org.apache.commons.beanutils2.converters.BooleanConverter.copyStrings(String[])	org.apache.commons.beanutils2.converters.AbstractConverter.toLowerCase(Object)
org.apache.commons.beanutils2.BeanPropertyValueChangeConsumerTestCase.testExecuteWithSimpleBytePropertyAndByteValue()	org.apache.commons.beanutils2.BeanPropertyValueChangeConsumer.accept(Object)
org.apache.commons.beanutils2.MappedPropertyTestCase.testMappedGetterOnly()	org.apache.commons.beanutils2.MappedPropertyDescriptor.getMappedWriteMethod()
org.apache.commons.beanutils2.locale.LocaleBeanificationTestCase.testContextClassloaderIndependence()	org.apache.commons.beanutils2.locale.LocaleBeanificationTestCase.Signal.setSignal(int)
org.apache.commons.beanutils2.BaseDynaBeanMapDecorator.containsValue(Object)	org.apache.commons.beanutils2.BaseDynaBeanMapDecorator.getDynaProperties()
org.apache.commons.beanutils2.ResultSetIterator.next()	org.apache.commons.beanutils2.ResultSetIterator.advance()
org.apache.commons.beanutils2.bugs.Jira18TestCase.testIssue_BEANUTILS_18_PropertyUtils_setProperty_Mapped()	org.apache.commons.beanutils2.PropertyUtils.setProperty(Object,String,Object)
org.apache.commons.beanutils2.DynaPropertyUtilsTestCase.testSetIndexedValues()	org.apache.commons.beanutils2.PropertyUtils.setIndexedProperty(Object,String,Object)
org.apache.commons.beanutils2.locale.LocaleBeanUtilsBean.getMappedPropertyLocale(Object,String,String)	org.apache.commons.beanutils2.PropertyUtilsBean.getMappedProperty(Object,String)
org.apache.commons.beanutils2.BeanUtilsBean.copyProperties(Object,Object)	org.apache.commons.beanutils2.PropertyUtilsBean.isReadable(Object,String)
org.apache.commons.beanutils2.BeanUtilsBenchCase.testCopyPropertiesDyna()	org.apache.commons.beanutils2.BeanUtilsBean.copyProperties(Object,Object)
org.apache.commons.beanutils2.BeanUtilsTestCase.testCopyPropertyNestedIndexedArray()	org.apache.commons.beanutils2.TestBean.getNested()
org.apache.commons.beanutils2.PropertyUtils.isReadable(Object,String)	org.apache.commons.beanutils2.PropertyUtilsBean.isReadable(Object,String)
org.apache.commons.beanutils2.converters.DateTimeConverter.toDate(Class<T>,long)	org.apache.commons.beanutils2.converters.AbstractConverter.toString(Class<?>)
org.apache.commons.beanutils2.locale.LocaleConvertUtilsBean.DelegateFastHashMap.setFast(boolean)	org.apache.commons.beanutils2.WeakFastHashMap.setFast(boolean)
org.apache.commons.beanutils2.DefaultIntrospectionContextTestCase.testAddPropertyDescriptors()	org.apache.commons.beanutils2.DefaultIntrospectionContextTestCase.createDescriptor(String)
org.apache.commons.beanutils2.PropertyUtilsBenchCase.testCopyPropertiesMap()	org.apache.commons.beanutils2.PropertyUtilsBean.copyProperties(Object,Object)
org.apache.commons.beanutils2.LazyDynaListTestCase.pojoTest(LazyDynaList,Class<?>,Object)	org.apache.commons.beanutils2.WrapDynaBean.getInstance()
org.apache.commons.beanutils2.converters.OffsetTimeConverter.convertToType(Class<T>,Object)	org.apache.commons.beanutils2.converters.AbstractConverter.conversionException(Class<?>,Object)
org.apache.commons.beanutils2.LazyDynaBean.get(String)	org.apache.commons.beanutils2.LazyDynaBean.createProperty(String,Class<?>)
org.apache.commons.beanutils2.LazyDynaBeanTestCase.testIndexedInvalidType()	org.apache.commons.beanutils2.LazyDynaClass.add(String,Class<?>)
org.apache.commons.beanutils2.LazyDynaBean.set(String,String,Object)	org.apache.commons.beanutils2.LazyDynaBean.get(String)
org.apache.commons.beanutils2.BeanificationTestCase.testContextClassLoaderUnset()	org.apache.commons.beanutils2.ContextClassLoaderLocal.unset()
org.apache.commons.beanutils2.PropertyUtilsBean.getIndexedProperty(Object,String,int)	org.apache.commons.beanutils2.DynaBean.getDynaClass()
org.apache.commons.beanutils2.BeanUtilsBenchCase.setUp()	org.apache.commons.beanutils2.DynaBean.set(String,Object)
org.apache.commons.beanutils2.memoryleaktests.MemoryLeakTestCase.clearAllBeanUtilsCaches()	org.apache.commons.beanutils2.PropertyUtilsBean.clearDescriptors()
org.apache.commons.beanutils2.LazyDynaListTestCase.findStringProperty(DynaClass)	org.apache.commons.beanutils2.DynaProperty.getType()
org.apache.commons.beanutils2.PropertyUtilsBenchCase.setUp()	org.apache.commons.beanutils2.BenchBean.getStringProperty()
org.apache.commons.beanutils2.BeanUtilsTestCase.testCopyPropertyNestedSimple()	org.apache.commons.beanutils2.TestBean.getIntProperty()
org.apache.commons.beanutils2.MappedPropertyTestCase.testMappedSetterOnly()	org.apache.commons.beanutils2.MappedPropertyDescriptor.getMappedWriteMethod()
org.apache.commons.beanutils2.BeanUtils.populate(Object,Map<String, Object>)	org.apache.commons.beanutils2.BeanUtilsBean.populate(Object,Map<String, Object>)
org.apache.commons.beanutils2.locale.LocaleBeanUtilsBean.invokeSetter(Object,String,String,int,Object)	org.apache.commons.beanutils2.PropertyUtilsBean.setIndexedProperty(Object,String,int,Object)
org.apache.commons.beanutils2.converters.MemoryTestCase.testWeakReference()	org.apache.commons.beanutils2.converters.MemoryTestCase.forceGarbageCollection(WeakReference<?>)
org.apache.commons.beanutils2.LazyDynaBeanTestCase.testNullProperty()	org.apache.commons.beanutils2.LazyDynaClass.getDynaProperty(String)
org.apache.commons.beanutils2.PropertyUtilsTestCase.testResetBeanIntrospectors()	org.apache.commons.beanutils2.PropertyUtils.removeBeanIntrospector(BeanIntrospector)
org.apache.commons.beanutils2.BeanUtilsTestCase.testGetNestedProperty()	org.apache.commons.beanutils2.TestBean.getStringProperty()
org.apache.commons.beanutils2.LazyDynaListTestCase.testSerializationPojo()	org.apache.commons.beanutils2.WrapDynaBean.set(String,Object)
org.apache.commons.beanutils2.BeanUtilsTestCase.testCopyPropertyNestedMappedMap()	org.apache.commons.beanutils2.TestBean.getMapProperty()
org.apache.commons.beanutils2.locale.LocaleBeanUtilsBean.definePropertyType(Object,String,String)	org.apache.commons.beanutils2.DynaBean.getDynaClass()
org.apache.commons.beanutils2.BeanToPropertyValueTransformer.apply(T)	org.apache.commons.beanutils2.BeanUtils.initCause(Throwable,Throwable)
org.apache.commons.beanutils2.DynaRowSetTestCase.setUp()	org.apache.commons.beanutils2.TestResultSet.createProxy()
org.apache.commons.beanutils2.PropertyUtilsBean.getPropertyDescriptor(Object,String)	org.apache.commons.beanutils2.expression.Resolver.remove(String)
org.apache.commons.beanutils2.BeanUtilsTestCase.testPopulateScalar()	org.apache.commons.beanutils2.TestBean.isBooleanSecond()
org.apache.commons.beanutils2.BeanMapTestCase.testExceptionThrowFromClone()	org.apache.commons.beanutils2.BeanUtilsTestCase.isPre14JVM()
org.apache.commons.beanutils2.locale.converters.BigIntegerLocaleConverter.parse(Object,String)	org.apache.commons.beanutils2.locale.converters.DecimalLocaleConverter.parse(Object,String)
org.apache.commons.beanutils2.locale.LocaleBeanUtilsBean.getNestedProperty(Object,String,String)	org.apache.commons.beanutils2.BeanUtilsBean.getPropertyUtils()
org.apache.commons.beanutils2.DynaPropertyUtilsTestCase.testSetSimpleLong()	org.apache.commons.beanutils2.PropertyUtils.setSimpleProperty(Object,String,Object)
org.apache.commons.beanutils2.PropertyUtilsBenchCase.setUp()	org.apache.commons.beanutils2.DynaClass.newInstance()
org.apache.commons.beanutils2.PropertyUtilsTestCase.testGetMappedMap()	org.apache.commons.beanutils2.TestBean.getMapProperty()
org.apache.commons.beanutils2.LazyDynaClassTestCase.testAddPropertyRestricted3()	org.apache.commons.beanutils2.LazyDynaClass.isRestricted()
org.apache.commons.beanutils2.ConstructorUtils.invokeExactConstructor(Class<T>,Object)	org.apache.commons.beanutils2.ConstructorUtils.toArray(Object)
org.apache.commons.beanutils2.LazyDynaClassTestCase.testAddProperty1()	org.apache.commons.beanutils2.LazyDynaClass.getDynaProperty(String)
org.apache.commons.beanutils2.converters.NumberConverterTestBase.testStringToNumberDefaultType()	org.apache.commons.beanutils2.converters.NumberConverter.setUseLocaleFormat(boolean)
org.apache.commons.beanutils2.DynaPropertyUtilsTestCase.testSetNestedWriteOnly()	org.apache.commons.beanutils2.PropertyUtils.setNestedProperty(Object,String,Object)
org.apache.commons.beanutils2.PropertyUtilsTestCase.testSetSimpleReadOnly()	org.apache.commons.beanutils2.TestBean.getWriteOnlyPropertyValue()
org.apache.commons.beanutils2.BeanMap.put(String,Object)	org.apache.commons.beanutils2.BeanMap.firePropertyChange(Object,Object,Object)
org.apache.commons.beanutils2.LazyDynaMapTestCase.testMappedPropertyTreeMap()	org.apache.commons.beanutils2.LazyDynaMap.getDynaProperty(String)
org.apache.commons.beanutils2.BeanPropertyValueChangeConsumerTestCase.testExecuteWithSimpleBytePropertyAndByteValue()	org.apache.commons.beanutils2.TestBean.getByteProperty()
org.apache.commons.beanutils2.TestResultSetMetaData.invoke(Object,Method,Object[])	org.apache.commons.beanutils2.TestResultSetMetaData.getColumnType(int)
org.apache.commons.beanutils2.locale.LocaleBeanUtilsBean.setDefaultLocale(Locale)	org.apache.commons.beanutils2.locale.LocaleBeanUtilsBean.getLocaleConvertUtils()
org.apache.commons.beanutils2.bugs.Jira359TestCase.testBeanUtilsSetProperty_DefaultConvertStringToArray_WithColonValue()	org.apache.commons.beanutils2.BeanUtils.setProperty(Object,String,Object)
org.apache.commons.beanutils2.MethodUtils.toNonPrimitiveClass(Class<?>)	org.apache.commons.beanutils2.MethodUtils.getPrimitiveWrapper(Class<?>)
org.apache.commons.beanutils2.BeanUtilsTestCase.testGetArrayProperty()	org.apache.commons.beanutils2.TestBean.getShortProperty()
org.apache.commons.beanutils2.locale.LocaleBeanificationTestCase.testGetByContextClassLoader()	org.apache.commons.beanutils2.locale.LocaleBeanificationTestCase.Signal.getSignal()
org.apache.commons.beanutils2.DynaPropertyUtilsTestCase.testSetSimpleBoolean()	org.apache.commons.beanutils2.PropertyUtils.setSimpleProperty(Object,String,Object)
org.apache.commons.beanutils2.locale.LocaleBeanificationTestCase.testContextClassloaderIndependence()	org.apache.commons.beanutils2.locale.LocaleBeanUtils.setProperty(Object,String,Object)
org.apache.commons.beanutils2.BeanPropertyValueChangeConsumerTestCase.testExecuteWithSimpleIntPropertyAndStringValue()	org.apache.commons.beanutils2.BeanPropertyValueChangeConsumer.accept(Object)
org.apache.commons.beanutils2.DynaBeanUtilsTestCase.testCopyPropertyNull()	org.apache.commons.beanutils2.DynaBean.set(String,Object)
org.apache.commons.beanutils2.locale.converters.LongLocaleConverter.parse(Object,String)	org.apache.commons.beanutils2.locale.converters.DecimalLocaleConverter.parse(Object,String)
org.apache.commons.beanutils2.converters.DateTimeConverter.convertToType(Class<T>,Object)	org.apache.commons.beanutils2.converters.AbstractConverter.toTrim(Object)
org.apache.commons.beanutils2.BaseDynaBeanMapDecorator.size()	org.apache.commons.beanutils2.BaseDynaBeanMapDecorator.getDynaProperties()
org.apache.commons.beanutils2.PropertyUtilsBean.setIndexedProperty(Object,String,int,Object)	org.apache.commons.beanutils2.PropertyUtilsBean.getReadMethod(Class<?>,PropertyDescriptor)
org.apache.commons.beanutils2.bugs.Jira273TestCase.testIssue_BEANUTILS_273_AnonymousNotOverridden()	org.apache.commons.beanutils2.PropertyUtils.getProperty(Object,String)
org.apache.commons.beanutils2.BeanUtilsTestCase.testSetPropertyOnPrimitiveWrappers()	org.apache.commons.beanutils2.BeanUtils.setProperty(Object,String,Object)
org.apache.commons.beanutils2.DynaBeanMapDecoratorTestCase.testKeySet()	org.apache.commons.beanutils2.DynaBeanMapDecoratorTestCase.checkUnmodifiable(String,Collection<E>,E)
org.apache.commons.beanutils2.BasicDynaBeanTestCase.testSetSimpleDouble()	org.apache.commons.beanutils2.DynaBean.get(String)
org.apache.commons.beanutils2.WeakFastHashMap.CollectionView.CollectionViewIterator.next()	org.apache.commons.beanutils2.WeakFastHashMap.CollectionView.iteratorNext(Entry<K, V>)
org.apache.commons.beanutils2.MethodUtilsTestCase.testInvokeExactMethod()	org.apache.commons.beanutils2.TestBean.getStringProperty()
org.apache.commons.beanutils2.BeanUtilsTestCase.testCopyPropertyInteger()	org.apache.commons.beanutils2.TestBean.getIntProperty()
org.apache.commons.beanutils2.PropertyUtilsTestCase.testGetMappedSlashes()	org.apache.commons.beanutils2.TestBean.setMappedProperty(String,String)
org.apache.commons.beanutils2.BeanToPropertyValueTransformerTestCase.testTransformWithMappedProperty()	org.apache.commons.beanutils2.TestBean.setMappedProperty(String,String)
org.apache.commons.beanutils2.DynaBeanUtilsTestCase.testPopulateArrayProperties()	org.apache.commons.beanutils2.DynaBean.get(String)
org.apache.commons.beanutils2.locale.LocaleBeanUtilsBean.getNestedProperty(Object,String,String)	org.apache.commons.beanutils2.locale.LocaleBeanUtilsBean.getLocaleConvertUtils()
org.apache.commons.beanutils2.locale.converters.StringLocaleConverter.parse(Object,String)	org.apache.commons.beanutils2.locale.converters.StringLocaleConverter.getDecimalFormat(Locale,String)
org.apache.commons.beanutils2.DynaBeanUtilsTestCase.testCopyPropertiesStandard()	org.apache.commons.beanutils2.TestBean.setDupProperty(String[])
org.apache.commons.beanutils2.LazyDynaBeanTestCase.testMappedPropertyTreeMap()	org.apache.commons.beanutils2.LazyDynaBean.set(String,String,Object)
org.apache.commons.beanutils2.LazyDynaList.toArray()	org.apache.commons.beanutils2.LazyDynaMap.getMap()
org.apache.commons.beanutils2.locale.LocaleBeanificationTestCase.testGetByContextClassLoader()	org.apache.commons.beanutils2.locale.LocaleConvertUtilsBean.getInstance()
org.apache.commons.beanutils2.DynaBeanUtilsTestCase.testSetPropertyOnPrimitiveWrappers()	org.apache.commons.beanutils2.DynaBean.get(String)
org.apache.commons.beanutils2.memoryleaktests.MemoryLeakTestCase.testPropertyUtilsBean_descriptorsCache_memoryLeak()	org.apache.commons.beanutils2.PropertyUtils.getProperty(Object,String)
org.apache.commons.beanutils2.BeanUtilsBean.copyProperty(Object,String,Object)	org.apache.commons.beanutils2.PropertyUtilsBean.getPropertyDescriptor(Object,String)
org.apache.commons.beanutils2.WeakFastHashMap.CollectionView.removeAll(Collection<?>)	org.apache.commons.beanutils2.WeakFastHashMap.cloneMap(Map<? extends K, ? extends V>)
org.apache.commons.beanutils2.BeanUtilsTestCase.testCopyPropertyConvertToStringIndexed()	org.apache.commons.beanutils2.BeanUtils.copyProperty(Object,String,Object)
org.apache.commons.beanutils2.converters.DateConverterTestBase.testStringConversion()	org.apache.commons.beanutils2.converters.DateConverterTestBase.toType(Calendar)
org.apache.commons.beanutils2.locale.LocaleBeanUtils.invokeSetter(Object,String,String,int,Object)	org.apache.commons.beanutils2.locale.LocaleBeanUtilsBean.getLocaleBeanUtilsInstance()
org.apache.commons.beanutils2.PropertyUtilsBean.getPropertyDescriptor(Object,String)	org.apache.commons.beanutils2.expression.Resolver.next(String)
org.apache.commons.beanutils2.IndexedPropertyTestCase.testGetListItemA()	org.apache.commons.beanutils2.BeanUtilsBean.getProperty(Object,String)
org.apache.commons.beanutils2.LazyDynaBeanTestCase.testIndexedDynaBeanArray()	org.apache.commons.beanutils2.LazyDynaClass.getDynaProperty(String)
org.apache.commons.beanutils2.PropertyUtilsBenchCase.setUp()	org.apache.commons.beanutils2.DynaBean.set(String,Object)
org.apache.commons.beanutils2.converters.ConverterFacade.convert(Class<T>,Object)	org.apache.commons.beanutils2.Converter.convert(Class<T>,Object)
org.apache.commons.beanutils2.converters.ZoneIdConverterTestCase.setUp()	org.apache.commons.beanutils2.converters.ZoneIdConverterTestCase.makeConverter()
org.apache.commons.beanutils2.PropertyUtilsTestCase.testSetIndexedMap()	org.apache.commons.beanutils2.TestBean.getListIndexed()
org.apache.commons.beanutils2.LazyDynaClassTestCase.testAddPropertyRestricted2()	org.apache.commons.beanutils2.LazyDynaClass.setRestricted(boolean)
org.apache.commons.beanutils2.locale.converters.FloatLocaleConverterTestCase.setUp()	org.apache.commons.beanutils2.locale.converters.BaseLocaleConverterTestCase.setUp()
org.apache.commons.beanutils2.DynaRowSetTestCase.testListResultsNormalCase()	org.apache.commons.beanutils2.DynaBean.get(String)
org.apache.commons.beanutils2.BeanUtilsBean.convert(Object,Class<?>)	org.apache.commons.beanutils2.Converter.convert(Class<T>,Object)
org.apache.commons.beanutils2.memoryleaktests.MemoryLeakTestCase.testPropertyUtilsBean_mappedDescriptorsCache_memoryLeak()	org.apache.commons.beanutils2.memoryleaktests.MemoryLeakTestCase.profilerLeakReport(String,String)
org.apache.commons.beanutils2.locale.LocaleBeanificationTestCase.SetInstanceTesterThread.run()	org.apache.commons.beanutils2.locale.LocaleBeanificationTestCase.Signal.setBean(LocaleBeanUtilsBean)
org.apache.commons.beanutils2.BeanIntrospectionDataTestCase.testGetWriteMethodUnknown()	org.apache.commons.beanutils2.BeanIntrospectionData.getWriteMethod(Class<?>,PropertyDescriptor)
org.apache.commons.beanutils2.DynaBeanUtilsTestCase.testCopyPropertiesStandard()	org.apache.commons.beanutils2.TestBean.setByteProperty(byte)
org.apache.commons.beanutils2.BeanUtilsTestCase.testCopyPropertyDouble()	org.apache.commons.beanutils2.TestBean.getDoubleProperty()
org.apache.commons.beanutils2.locale.converters.DateLocaleConverter.parse(Object,String)	org.apache.commons.beanutils2.locale.converters.DateLocaleConverter.convertLocalizedPattern(String,Locale)
org.apache.commons.beanutils2.BeanUtils2TestCase.testCopyPropertyConvertToStringArray()	org.apache.commons.beanutils2.BeanUtils.copyProperty(Object,String,Object)
org.apache.commons.beanutils2.converters.OffsetTimeConverterTestCase.setUp()	org.apache.commons.beanutils2.converters.OffsetTimeConverterTestCase.makeConverter()
org.apache.commons.beanutils2.BeanUtilsTestCase.testSetPropertyConvert()	org.apache.commons.beanutils2.BeanUtils.setProperty(Object,String,Object)
org.apache.commons.beanutils2.converters.BooleanConverterTestCase.testStandardValues()	org.apache.commons.beanutils2.converters.BooleanConverterTestCase.testConversionValues(AbstractConverter,String[],String[])
org.apache.commons.beanutils2.bugs.Jira87TestCase.main(String[])	org.apache.commons.beanutils2.bugs.Jira87TestCase.suite()
org.apache.commons.beanutils2.PropertyUtilsTestCase.testSetSimpleWriteOnly()	org.apache.commons.beanutils2.PropertyUtils.setSimpleProperty(Object,String,Object)
org.apache.commons.beanutils2.bugs.Jira347TestCase.testMappedPropertyDescriptor_AnyArgsProperty()	org.apache.commons.beanutils2.bugs.Jira347TestCase.forceGarbageCollection()
org.apache.commons.beanutils2.converters.DateConverterTestBase.testStringConversion()	org.apache.commons.beanutils2.converters.DateConverterTestBase.toSqlTimestamp(Calendar)
org.apache.commons.beanutils2.DynaPropertyUtilsTestCase.testSetNestedDouble()	org.apache.commons.beanutils2.TestBean.getDoubleProperty()
org.apache.commons.beanutils2.TestResultSetMetaData.createProxy()	org.apache.commons.beanutils2.TestResultSetMetaData.createProxy(InvocationHandler)
org.apache.commons.beanutils2.DynaBeanUtilsTestCase.testCopyPropertyLong()	org.apache.commons.beanutils2.DynaBean.get(String)
org.apache.commons.beanutils2.converters.DateConverterTestBase.toSqlTime(Calendar)	org.apache.commons.beanutils2.converters.DateConverterTestBase.getTimeInMillis(Object)
org.apache.commons.beanutils2.BeanUtilsBean.copyProperty(Object,String,Object)	org.apache.commons.beanutils2.BeanUtilsBean.dynaPropertyType(DynaProperty,Object)
org.apache.commons.beanutils2.locale.LocaleBeanificationTestCase.GetBeanUtilsBeanThread.run()	org.apache.commons.beanutils2.locale.LocaleBeanUtilsBean.getLocaleBeanUtilsInstance()
org.apache.commons.beanutils2.BeanPropertyValueEqualsPredicate.test(T)	org.apache.commons.beanutils2.PropertyUtils.getProperty(Object,String)
org.apache.commons.beanutils2.memoryleaktests.MemoryLeakTestCase.testPropertyUtilsBean_descriptorsCache_memoryLeak()	org.apache.commons.beanutils2.memoryleaktests.MemoryLeakTestCase.clearAllBeanUtilsCaches()
org.apache.commons.beanutils2.BeanificationTestCase.GetBeanUtilsBeanThread.run()	org.apache.commons.beanutils2.BeanUtilsBean.getInstance()
org.apache.commons.beanutils2.PropertyUtilsTestCase.testGetSetParentBean()	org.apache.commons.beanutils2.PropertyUtils.getProperty(Object,String)
org.apache.commons.beanutils2.BeanUtilsTestCase.testSetPropertyConvertToString()	org.apache.commons.beanutils2.BeanUtils.setProperty(Object,String,Object)
org.apache.commons.beanutils2.LazyDynaClassTestCase.testRemovePropertyNullName()	org.apache.commons.beanutils2.LazyDynaClass.remove(String)
org.apache.commons.beanutils2.DynaBeanMapDecoratorTestCase.testKeySet()	org.apache.commons.beanutils2.DynaProperty.getName()
org.apache.commons.beanutils2.locale.LocaleConvertUtils.deregister(Class<?>,Locale)	org.apache.commons.beanutils2.locale.LocaleConvertUtilsBean.deregister(Class<?>,Locale)
org.apache.commons.beanutils2.PropertyUtilsBean.clearDescriptors()	org.apache.commons.beanutils2.WeakFastHashMap.clear()
org.apache.commons.beanutils2.ConstructorUtils.getAccessibleConstructor(Class<T>,Class<?>)	org.apache.commons.beanutils2.ConstructorUtils.getAccessibleConstructor(Constructor<T>)
org.apache.commons.beanutils2.BeanUtils2TestCase.testGetArrayPropertyDate()	org.apache.commons.beanutils2.TestBean.setDateArrayProperty(Date[])
org.apache.commons.beanutils2.DynaRowSetTestCase.testInconsistentOracleDriver()	org.apache.commons.beanutils2.DynaBean.get(String)
org.apache.commons.beanutils2.LazyDynaMapTestCase.testIndexedPropertyRestricted()	org.apache.commons.beanutils2.LazyDynaBean.set(String,int,Object)
org.apache.commons.beanutils2.LazyDynaClass.add(DynaProperty)	org.apache.commons.beanutils2.DynaProperty.getName()
org.apache.commons.beanutils2.converters.ArrayConverter.toString()	org.apache.commons.beanutils2.converters.AbstractConverter.isUseDefault()
org.apache.commons.beanutils2.BeanMapTestCase.testMethodMutator()	org.apache.commons.beanutils2.BeanMapTestCase.makeFullMap()
org.apache.commons.beanutils2.DynaBeanUtilsTestCase.testCopyPropertyInteger()	org.apache.commons.beanutils2.DynaBean.get(String)
org.apache.commons.beanutils2.converters.AbstractConverter.setDefaultValue(Object)	org.apache.commons.beanutils2.converters.AbstractConverter.getDefaultType()
org.apache.commons.beanutils2.converters.AbstractConverter.convert(Class<T>,Object)	org.apache.commons.beanutils2.converters.AbstractConverter.log()
org.apache.commons.beanutils2.BeanUtils2TestCase.testSetPropertyConvertToStringArray()	org.apache.commons.beanutils2.TestBean.setStringArray(String[])
org.apache.commons.beanutils2.locale.LocaleBeanUtilsTestCase.testSetNestedPropertyIndexed()	org.apache.commons.beanutils2.TestBean.setIntIndexed(int,int)
org.apache.commons.beanutils2.bugs.Jira18TestCase.testIssue_BEANUTILS_18_PropertyUtils_isWriteable_Indexed()	org.apache.commons.beanutils2.PropertyUtils.isWriteable(Object,String)
org.apache.commons.beanutils2.PropertyUtilsBean.setSimpleProperty(Object,String,Object)	org.apache.commons.beanutils2.PropertyUtilsBean.invokeMethod(Method,Object,Object[])
org.apache.commons.beanutils2.BeanMapTestCase.testBeanMapPutAllWriteable()	org.apache.commons.beanutils2.BeanMap.put(String,Object)
org.apache.commons.beanutils2.MethodUtils.getAccessibleMethod(Class<?>,Method)	org.apache.commons.beanutils2.MethodUtils.getAccessibleMethodFromInterfaceNest(Class<?>,String,Class<?>)
org.apache.commons.beanutils2.BeanMap.next()	org.apache.commons.beanutils2.BeanMap.get(Object)
org.apache.commons.beanutils2.LazyDynaListTestCase.testDynaBeanType()	org.apache.commons.beanutils2.LazyDynaBean.getDynaClass()
org.apache.commons.beanutils2.LazyDynaBeanTestCase.testIndexedInvalidType()	org.apache.commons.beanutils2.DynaProperty.isIndexed()
org.apache.commons.beanutils2.locale.converters.BaseLocaleConverterTestCase.convertValueNoPattern(BaseLocaleConverter,Object,Object)	org.apache.commons.beanutils2.locale.converters.BaseLocaleConverterTestCase.convertValueNoPattern(BaseLocaleConverter,String,Object,Object)
org.apache.commons.beanutils2.BeanUtilsTestCase.testCopyPropertyWriteOnly()	org.apache.commons.beanutils2.BeanUtils.copyProperty(Object,String,Object)
org.apache.commons.beanutils2.LazyDynaMapTestCase.testMappedPropertyDefault()	org.apache.commons.beanutils2.LazyDynaBean.set(String,String,Object)
org.apache.commons.beanutils2.BeanUtilsTestCase.testSetPropertyNull()	org.apache.commons.beanutils2.TestBean.setNullProperty(String)
org.apache.commons.beanutils2.PropertyUtilsTestCase.testSetMappedPeriods()	org.apache.commons.beanutils2.TestBean.getStringProperty()
org.apache.commons.beanutils2.WrapDynaClass.newInstance()	org.apache.commons.beanutils2.WrapDynaClass.getBeanClass()
org.apache.commons.beanutils2.BeanUtilsTestCase.testCopyPropertiesStandard()	org.apache.commons.beanutils2.TestBean.setShortProperty(short)
org.apache.commons.beanutils2.BeanMap.clone()	org.apache.commons.beanutils2.BeanMap.getWriteMethod(String)
org.apache.commons.beanutils2.DefaultBeanIntrospector.handleIndexedPropertyDescriptors(Class<?>,PropertyDescriptor[])	org.apache.commons.beanutils2.MethodUtils.getMatchingAccessibleMethod(Class<?>,String,Class<?>)
org.apache.commons.beanutils2.ConstructorUtils.invokeConstructor(Class<T>,Object[],Class<?>)	org.apache.commons.beanutils2.ConstructorUtils.getMatchingAccessibleConstructor(Class<T>,Class<?>)
org.apache.commons.beanutils2.bugs.Jira465TestCase.testListProperty()	org.apache.commons.beanutils2.bugs.Jira465TestCase.ListProp.getFoo()
org.apache.commons.beanutils2.DynaBeanMapDecoratorTestCase.testPut()	org.apache.commons.beanutils2.BasicDynaBean.get(String)
org.apache.commons.beanutils2.locale.converters.DoubleLocaleConverterTestCase.tearDown()	org.apache.commons.beanutils2.locale.converters.BaseLocaleConverterTestCase.tearDown()
org.apache.commons.beanutils2.PropsFirstPropertyUtilsBean.setPropertyOfMapBean(Map<String, Object>,String,Object)	org.apache.commons.beanutils2.PropertyUtilsBean.setSimpleProperty(Object,String,Object)
org.apache.commons.beanutils2.DynaPropertyTestCase.testEqualsObject()	org.apache.commons.beanutils2.DynaProperty.equals(Object)
org.apache.commons.beanutils2.converters.ArrayConverterTestCase.testUnderscore_BEANUTILS_302()	org.apache.commons.beanutils2.converters.AbstractConverter.convert(Class<T>,Object)
org.apache.commons.beanutils2.PropertyUtilsBean.copyProperties(Object,Object)	org.apache.commons.beanutils2.PropertyUtilsBean.isWriteable(Object,String)
org.apache.commons.beanutils2.BeanPredicateTestCase.testEqual()	org.apache.commons.beanutils2.BeanPredicate.test(Object)
org.apache.commons.beanutils2.bugs.Jira61TestCase.testIssue_BEANUTILS_61_PropertyUtils_copyProperties_to_WrapDynaBean()	org.apache.commons.beanutils2.bugs.other.Jira61BeanFactory.TestBean.getSimpleReadOnly()
org.apache.commons.beanutils2.FluentPropertyBeanIntrospectorTestCase.testIntrospectionCaps()	org.apache.commons.beanutils2.FluentPropertyBeanIntrospectorTestCase.createDescriptorMap(PropertyDescriptor[])
org.apache.commons.beanutils2.BeanUtilsTestCase.testSetPropertyDouble()	org.apache.commons.beanutils2.TestBean.getDoubleProperty()
org.apache.commons.beanutils2.PropertyUtilsTestCase.testGetDescriptorMappedPeriods()	org.apache.commons.beanutils2.TestBean.setMappedObjects(String,Object)
org.apache.commons.beanutils2.DynaPropertyUtilsTestCase.testGetNestedBoolean()	org.apache.commons.beanutils2.DynaBean.get(String)
org.apache.commons.beanutils2.BeanPropertyValueChangeConsumer.accept(Object)	org.apache.commons.beanutils2.BeanUtils.initCause(Throwable,Throwable)
org.apache.commons.beanutils2.DynaPropertyUtilsTestCase.testGetNestedDouble()	org.apache.commons.beanutils2.TestBean.getDoubleProperty()
org.apache.commons.beanutils2.WrapDynaBean.get(String,int)	org.apache.commons.beanutils2.WrapDynaBean.getPropertyUtils()
org.apache.commons.beanutils2.PropertyUtilsBean.setSimpleProperty(Object,String,Object)	org.apache.commons.beanutils2.expression.Resolver.isIndexed(String)
org.apache.commons.beanutils2.locale.LocaleConvertUtilsBean.convert(String[],Class<?>,String)	org.apache.commons.beanutils2.locale.LocaleConvertUtilsBean.getDefaultLocale()
org.apache.commons.beanutils2.PropertyUtilsBean.setNestedProperty(Object,String,Object)	org.apache.commons.beanutils2.expression.Resolver.hasNested(String)
org.apache.commons.beanutils2.converters.OffsetTimeConverterTestCase.testUnsupportedType()	org.apache.commons.beanutils2.Converter.convert(Class<T>,Object)
org.apache.commons.beanutils2.bugs.Jira458TestCase.testConversionWithNullDefaultNullInput()	org.apache.commons.beanutils2.bugs.Jira458TestCase.checkConversionWithNullDefault(String)
org.apache.commons.beanutils2.DynaBeanMapDecoratorTestCase.testEntrySet()	org.apache.commons.beanutils2.DynaProperty.getName()
org.apache.commons.beanutils2.MethodUtils.invokeStaticMethod(Class<?>,String,Object[])	org.apache.commons.beanutils2.MethodUtils.invokeStaticMethod(Class<?>,String,Object[],Class<?>)
org.apache.commons.beanutils2.converters.NumberConverter.toNumber(Class<?>,Class<T>,Number)	org.apache.commons.beanutils2.converters.AbstractConverter.toString(Class<?>)
org.apache.commons.beanutils2.PropertyUtilsTestCase.testSetSimpleDouble()	org.apache.commons.beanutils2.TestBean.getDoubleProperty()
org.apache.commons.beanutils2.WrapDynaBeanTestCase.checkSimplePropertyAccess()	org.apache.commons.beanutils2.DynaBean.get(String)
org.apache.commons.beanutils2.PropertyUtils.setMappedProperty(Object,String,String,Object)	org.apache.commons.beanutils2.PropertyUtilsBean.setMappedProperty(Object,String,String,Object)
org.apache.commons.beanutils2.converters.BooleanConverterTestCase.testConversionToOtherType()	org.apache.commons.beanutils2.converters.AbstractConverter.convert(Class<T>,Object)
org.apache.commons.beanutils2.ConstructorUtilsTestCase.testInvokeExactConstructorWithArgArray()	org.apache.commons.beanutils2.TestBean.isBooleanSecond()
org.apache.commons.beanutils2.PropertyUtilsTestCase.testGetMappedList()	org.apache.commons.beanutils2.TestBean.getMapProperty()
org.apache.commons.beanutils2.BeanUtils.describe(Object)	org.apache.commons.beanutils2.BeanUtilsBean.describe(Object)
org.apache.commons.beanutils2.BeanUtilsBean.setProperty(Object,String,Object)	org.apache.commons.beanutils2.MappedPropertyDescriptor.getMappedPropertyType()
org.apache.commons.beanutils2.locale.converters.SqlTimeLocaleConverter.parse(Object,String)	org.apache.commons.beanutils2.locale.converters.DateLocaleConverter.parse(Object,String)
org.apache.commons.beanutils2.MethodUtilsTestCase.testSimpleStatic3()	org.apache.commons.beanutils2.MethodUtils.getAccessibleMethod(Class<?>,String,Class<?>)
org.apache.commons.beanutils2.BeanUtilsTestCase.testPopulateScalar()	org.apache.commons.beanutils2.TestBean.getShortProperty()
org.apache.commons.beanutils2.converters.AbstractConverter.handleError(Class<T>,Object,Throwable)	org.apache.commons.beanutils2.converters.AbstractConverter.toString(Class<?>)
org.apache.commons.beanutils2.PropertyUtilsBean.getInstance()	org.apache.commons.beanutils2.BeanUtilsBean.getPropertyUtils()
org.apache.commons.beanutils2.PropertyUtilsTestCase.testGetNestedShort()	org.apache.commons.beanutils2.PropertyUtils.getNestedProperty(Object,String)
org.apache.commons.beanutils2.BaseDynaBeanMapDecorator.get(Object)	org.apache.commons.beanutils2.DynaBean.get(String)
org.apache.commons.beanutils2.BeanUtilsTestCase.testInitCause()	org.apache.commons.beanutils2.BeanUtilsTestCase.isPre14JVM()
org.apache.commons.beanutils2.BeanificationTestCase.GetBeanUtilsBeanThread.run()	org.apache.commons.beanutils2.PropertyUtilsBean.getInstance()
org.apache.commons.beanutils2.BeanificationTestCase.testGetByContextClassLoader()	org.apache.commons.beanutils2.BeanificationTestCase.Signal.setBean(BeanUtilsBean)
org.apache.commons.beanutils2.converters.NumberConverter.convertToType(Class<T>,Object)	org.apache.commons.beanutils2.converters.NumberConverter.toNumber(Class<?>,Class<?>,String)
org.apache.commons.beanutils2.BeanUtilsTestCase.testArrayPropertyConversion()	org.apache.commons.beanutils2.BeanUtilsBean.getArrayProperty(Object,String)
org.apache.commons.beanutils2.PropertyUtilsTestCase.testGetMappedValues()	org.apache.commons.beanutils2.PropertyUtils.getMappedProperty(Object,String)
org.apache.commons.beanutils2.DefaultIntrospectionContextTestCase.testGetPropertyDescriptorUnknown()	org.apache.commons.beanutils2.DefaultIntrospectionContext.getPropertyDescriptor(String)
org.apache.commons.beanutils2.converters.URIConverterTestCase.setUp()	org.apache.commons.beanutils2.converters.URIConverterTestCase.makeConverter()
org.apache.commons.beanutils2.BeanUtilsTestCase.testCopyPropertyNestedMappedMap()	org.apache.commons.beanutils2.BeanUtilsTestCase.checkMap(Map<?, ?>,Map<?, ?>)
org.apache.commons.beanutils2.PropertyUtilsBean.describe(Object)	org.apache.commons.beanutils2.DynaClass.getDynaProperties()
org.apache.commons.beanutils2.MethodUtilsTestCase.testInvokeMethodObject()	org.apache.commons.beanutils2.MethodUtils.invokeMethod(Object,String,Object)
org.apache.commons.beanutils2.locale.LocaleBeanificationTestCase.CCLLTesterThread.run()	org.apache.commons.beanutils2.ContextClassLoaderLocal.get()
org.apache.commons.beanutils2.MethodUtilsTestCase.testStaticInvokeMethod()	org.apache.commons.beanutils2.TestBean.currentCounter()
org.apache.commons.beanutils2.BeanIntrospectionDataTestCase.testGetWriteMethodUndefined()	org.apache.commons.beanutils2.BeanIntrospectionData.getWriteMethod(Class<?>,PropertyDescriptor)
org.apache.commons.beanutils2.BaseDynaBeanMapDecorator.entrySet()	org.apache.commons.beanutils2.DynaProperty.getName()
org.apache.commons.beanutils2.BeanUtilsBean.setProperty(Object,String,Object)	org.apache.commons.beanutils2.BeanUtilsBean.getConvertUtils()
org.apache.commons.beanutils2.WrapDynaBean.set(String,String,Object)	org.apache.commons.beanutils2.WrapDynaBean.getPropertyUtils()
org.apache.commons.beanutils2.locale.LocaleBeanUtils.getProperty(Object,String,String)	org.apache.commons.beanutils2.locale.LocaleBeanUtilsBean.getProperty(Object,String,String)
org.apache.commons.beanutils2.converters.AbstractConverter.convertToDefaultType(Object)	org.apache.commons.beanutils2.converters.AbstractConverter.convert(Class<T>,Object)
org.apache.commons.beanutils2.converters.AbstractConverter.setDefaultValue(Object)	org.apache.commons.beanutils2.converters.AbstractConverter.log()
org.apache.commons.beanutils2.LazyDynaListTestCase.testMapDynaClass()	org.apache.commons.beanutils2.LazyDynaListTestCase.mapTest(LazyDynaList,Class<?>,Object)
org.apache.commons.beanutils2.PropertyUtilsBean.isReadable(Object,String)	org.apache.commons.beanutils2.expression.Resolver.next(String)
org.apache.commons.beanutils2.LazyDynaBeanTestCase.testMappedPropertyDefault()	org.apache.commons.beanutils2.LazyDynaBean.get(String,String)
org.apache.commons.beanutils2.BasicDynaBeanTestCase.testSetSimpleBoolean()	org.apache.commons.beanutils2.DynaBean.get(String)
org.apache.commons.beanutils2.memoryleaktests.MemoryLeakTestCase.testPropertyUtilsBean_mappedDescriptorsCache_memoryLeak()	org.apache.commons.beanutils2.PropertyUtils.setProperty(Object,String,Object)
org.apache.commons.beanutils2.PropertyUtilsTestCase.testGetDescriptorInt()	org.apache.commons.beanutils2.PropertyUtilsTestCase.testGetDescriptorBase(String,String,String)
org.apache.commons.beanutils2.bugs.Jira492TestCase.setIndexedProperty()	org.apache.commons.beanutils2.BeanUtilsBean.setProperty(Object,String,Object)
org.apache.commons.beanutils2.MethodUtilsTestCase.testInvokeStaticMethodNull()	org.apache.commons.beanutils2.TestBean.currentCounter()
org.apache.commons.beanutils2.PropertyUtilsTestCase.testCustomIntrospection()	org.apache.commons.beanutils2.IntrospectionContext.addPropertyDescriptors(PropertyDescriptor[])
org.apache.commons.beanutils2.DynaBeanUtilsTestCase.testSetPropertyNullValues()	org.apache.commons.beanutils2.BeanUtils.getProperty(Object,String)
org.apache.commons.beanutils2.BeanUtilsBean.setProperty(Object,String,Object)	org.apache.commons.beanutils2.expression.Resolver.hasNested(String)
org.apache.commons.beanutils2.ConvertUtilsBean.convert(String,Class<?>)	org.apache.commons.beanutils2.Converter.convert(Class<T>,Object)
org.apache.commons.beanutils2.BeanUtilsTestCase.testCopyPropertiesStandard()	org.apache.commons.beanutils2.TestBean.setStringArray(String[])
org.apache.commons.beanutils2.LazyDynaBeanTestCase.setUp()	org.apache.commons.beanutils2.LazyDynaClass.setReturnNull(boolean)
org.apache.commons.beanutils2.PropertyUtils.describe(Object)	org.apache.commons.beanutils2.PropertyUtilsBean.describe(Object)
org.apache.commons.beanutils2.MethodUtilsTestCase.testInvokeMethodPrimitiveLong()	org.apache.commons.beanutils2.PrimitiveBean.getLong()
org.apache.commons.beanutils2.converters.AbstractConverter.toString()	org.apache.commons.beanutils2.converters.AbstractConverter.toString(Class<?>)
org.apache.commons.beanutils2.ConvertUtilsBean.convert(String,Class<?>)	org.apache.commons.beanutils2.ConvertUtilsBean.lookup(Class<?>)
org.apache.commons.beanutils2.locale.LocaleConvertUtilsTestCase.testConvertStringLocaleNull()	org.apache.commons.beanutils2.locale.LocaleConvertUtils.convert(String,Class<?>,Locale,String)
org.apache.commons.beanutils2.locale.LocaleBeanUtilsTestCase.testSetNestedPropertySimple()	org.apache.commons.beanutils2.TestBean.getNested()
org.apache.commons.beanutils2.DynaBeanUtilsTestCase.testGetGeneralProperty()	org.apache.commons.beanutils2.BeanUtils.getProperty(Object,String)
org.apache.commons.beanutils2.locale.LocaleBeanUtilsTestCase.testSetNestedPropertyIndexed()	org.apache.commons.beanutils2.TestBean.getIntIndexed(int)
org.apache.commons.beanutils2.ConvertUtilsTestCase.testConvertToString()	org.apache.commons.beanutils2.ConvertUtilsBean.register(Converter,Class<?>)
org.apache.commons.beanutils2.PropertyUtilsTestCase.testGetDescriptorShort()	org.apache.commons.beanutils2.PropertyUtilsTestCase.testGetDescriptorBase(String,String,String)
org.apache.commons.beanutils2.PropertyUtilsTestCase.testGetWriteMethodPublicSubclass()	org.apache.commons.beanutils2.PropertyUtilsTestCase.testGetWriteMethod(Object,String[],String)
org.apache.commons.beanutils2.BeanUtilsTestCase.testSetPropertyWriteOnly()	org.apache.commons.beanutils2.TestBean.getWriteOnlyPropertyValue()
org.apache.commons.beanutils2.BasicDynaBeanTestCase.testGetDescriptorString()	org.apache.commons.beanutils2.BasicDynaBeanTestCase.testGetDescriptorBase(String,Class<?>)
org.apache.commons.beanutils2.DefaultIntrospectionContextTestCase.testInit()	org.apache.commons.beanutils2.DefaultIntrospectionContext.propertyNames()
org.apache.commons.beanutils2.BeanUtilsTestCase.testSetMappedMap()	org.apache.commons.beanutils2.BeanUtils.setProperty(Object,String,Object)
org.apache.commons.beanutils2.DynaRowSetTestCase.TestResultSetMetaDataInconsistent.getColumnClassName(int)	org.apache.commons.beanutils2.TestResultSetMetaData.getColumnClassName(int)
org.apache.commons.beanutils2.converters.SqlTimestampConverterTestCase.testLocale()	org.apache.commons.beanutils2.converters.DateTimeConverter.setUseLocaleFormat(boolean)
org.apache.commons.beanutils2.locale.LocaleConvertUtilsBean.convert(String,Class<?>,Locale,String)	org.apache.commons.beanutils2.locale.LocaleConvertUtilsBean.lookup(Class<?>,Locale)
org.apache.commons.beanutils2.FluentPropertyBeanIntrospectorTestCase.testIntrospection()	org.apache.commons.beanutils2.FluentPropertyBeanIntrospectorTestCase.fetchDescriptor(Map<String, PropertyDescriptor>,String)
org.apache.commons.beanutils2.BeanPropertyValueChangeConsumerTestCase.testExecuteWithSimpleDoublePropertyAndDoubleValue()	org.apache.commons.beanutils2.TestBean.getDoubleProperty()
org.apache.commons.beanutils2.LazyDynaClassTestCase.testAddPropertyNullName1()	org.apache.commons.beanutils2.LazyDynaClass.add(String)
org.apache.commons.beanutils2.BasicDynaBeanTestCase.testSerialization()	org.apache.commons.beanutils2.BasicDynaBeanTestCase.testGetIndexedArguments()
org.apache.commons.beanutils2.locale.LocaleConvertUtilsBean.convert(String,Class<?>,String)	org.apache.commons.beanutils2.locale.LocaleConvertUtilsBean.convert(String,Class<?>,Locale,String)
org.apache.commons.beanutils2.BeanUtils2TestCase.testGetSimplePropertyDate()	org.apache.commons.beanutils2.BeanUtils.getSimpleProperty(Object,String)
org.apache.commons.beanutils2.locale.LocaleConvertUtils.convert(String,Class<?>,String)	org.apache.commons.beanutils2.locale.LocaleConvertUtilsBean.convert(String,Class<?>,String)
org.apache.commons.beanutils2.BasicDynaBeanTestCase.testGetDescriptorBoolean()	org.apache.commons.beanutils2.BasicDynaBeanTestCase.testGetDescriptorBase(String,Class<?>)
org.apache.commons.beanutils2.bugs.Jira357TestCase.checkReadMethod(String,Class<?>)	org.apache.commons.beanutils2.PropertyUtils.getPropertyDescriptors(Class<?>)
org.apache.commons.beanutils2.converters.DateConverterTestBase.testPatternNoDefault()	org.apache.commons.beanutils2.converters.DateConverterTestBase.validConversion(Converter,Object,Object)
org.apache.commons.beanutils2.DynaPropertyUtilsTestCase.testSetSimpleBoolean()	org.apache.commons.beanutils2.DynaBean.get(String)
org.apache.commons.beanutils2.JDBCDynaClass.introspect(ResultSet)	org.apache.commons.beanutils2.DynaProperty.getName()
org.apache.commons.beanutils2.locale.LocaleBeanUtils.getMappedProperty(Object,String,String,String)	org.apache.commons.beanutils2.locale.LocaleBeanUtilsBean.getMappedProperty(Object,String,String,String)
org.apache.commons.beanutils2.LazyDynaBeanTestCase.testMappedInvalidType()	org.apache.commons.beanutils2.LazyDynaBean.set(String,String,Object)
org.apache.commons.beanutils2.BasicDynaBeanTestCase.testGetMappedValues()	org.apache.commons.beanutils2.DynaBean.get(String,String)
org.apache.commons.beanutils2.bugs.Jira61TestCase.testIssue_BEANUTILS_61_PropertyUtils_getProperty()	org.apache.commons.beanutils2.bugs.other.Jira61BeanFactory.TestBean.getSimpleReadOnly()
org.apache.commons.beanutils2.BaseDynaBeanMapDecorator.values()	org.apache.commons.beanutils2.DynaProperty.getName()
org.apache.commons.beanutils2.PropertyUtilsTestCase.testSetMappedPeriods()	org.apache.commons.beanutils2.TestBean.setMappedProperty(String,String)
org.apache.commons.beanutils2.MethodUtils.getMatchingAccessibleMethod(Class<?>,String,Class<?>)	org.apache.commons.beanutils2.MethodUtils.getAccessibleMethod(Class<?>,Method)
org.apache.commons.beanutils2.LazyDynaBeanTestCase.testMappedPropertyDefault()	org.apache.commons.beanutils2.LazyDynaClass.getDynaProperty(String)
org.apache.commons.beanutils2.PropertyUtilsTestCase.testGetMappedPeriods()	org.apache.commons.beanutils2.TestBean.setMappedObjects(String,Object)
org.apache.commons.beanutils2.LazyDynaList.toArray(T[])	org.apache.commons.beanutils2.LazyDynaMap.getMap()
org.apache.commons.beanutils2.DynaBeanUtilsTestCase.testCopyPropertiesStandard()	org.apache.commons.beanutils2.TestBean.setDoubleProperty(double)
org.apache.commons.beanutils2.PropertyUtilsBean.getIndexedProperty(Object,String)	org.apache.commons.beanutils2.expression.Resolver.getIndex(String)
org.apache.commons.beanutils2.WrapDynaBean.set(String,String,Object)	org.apache.commons.beanutils2.PropertyUtilsBean.setMappedProperty(Object,String,String,Object)
org.apache.commons.beanutils2.BeanUtils.getNestedProperty(Object,String)	org.apache.commons.beanutils2.BeanUtilsBean.getNestedProperty(Object,String)
org.apache.commons.beanutils2.PropertyUtils.getSimpleProperty(Object,String)	org.apache.commons.beanutils2.PropertyUtilsBean.getSimpleProperty(Object,String)
org.apache.commons.beanutils2.PropertyUtilsBean.getNestedProperty(Object,String)	org.apache.commons.beanutils2.PropertyUtilsBean.getPropertyOfMapBean(Map<?, ?>,String)
org.apache.commons.beanutils2.DynaBeanUtilsTestCase.testPopulateArrayElements()	org.apache.commons.beanutils2.DynaBean.get(String,int)
org.apache.commons.beanutils2.LazyDynaBean.set(String,int,Object)	org.apache.commons.beanutils2.LazyDynaBean.defaultIndexedProperty(String)
org.apache.commons.beanutils2.locale.LocaleConvertUtilsTestCase.fixmetestPositiveIntegerArray()	org.apache.commons.beanutils2.locale.LocaleConvertUtils.convert(String,Class<?>)
org.apache.commons.beanutils2.PropertyUtils.addBeanIntrospector(BeanIntrospector)	org.apache.commons.beanutils2.PropertyUtilsBean.addBeanIntrospector(BeanIntrospector)
org.apache.commons.beanutils2.locale.LocaleBeanUtils.getSimpleProperty(Object,String,String)	org.apache.commons.beanutils2.locale.LocaleBeanUtilsBean.getLocaleBeanUtilsInstance()
org.apache.commons.beanutils2.converters.ZoneOffsetConverterTestCase.testSimpleConversion()	org.apache.commons.beanutils2.Converter.convert(Class<T>,Object)
org.apache.commons.beanutils2.converters.DateConverterTestBase.testDefaultType()	org.apache.commons.beanutils2.converters.AbstractConverter.convert(Class<T>,Object)
org.apache.commons.beanutils2.BeanUtils.getMappedProperty(Object,String,String)	org.apache.commons.beanutils2.BeanUtilsBean.getInstance()
org.apache.commons.beanutils2.BasicDynaBeanTestCase.testGetDescriptorLong()	org.apache.commons.beanutils2.BasicDynaBeanTestCase.testGetDescriptorBase(String,Class<?>)
org.apache.commons.beanutils2.WrapDynaBeanTestCase.testMappedRemove()	org.apache.commons.beanutils2.DynaBean.contains(String,String)
org.apache.commons.beanutils2.memoryleaktests.MemoryLeakTestCase.testWrapDynaClass_dynaClasses_memoryLeak()	org.apache.commons.beanutils2.WrapDynaBean.get(String)
org.apache.commons.beanutils2.PropertyUtilsTestCase.testGetSetParentBean()	org.apache.commons.beanutils2.PropertyUtils.setProperty(Object,String,Object)
org.apache.commons.beanutils2.locale.LocaleBeanUtils.getIndexedProperty(Object,String,String)	org.apache.commons.beanutils2.locale.LocaleBeanUtilsBean.getLocaleBeanUtilsInstance()
org.apache.commons.beanutils2.DynaBeanUtilsTestCase.testCopyPropertyNestedSimple()	org.apache.commons.beanutils2.TestBean.setIntProperty(int)
org.apache.commons.beanutils2.PropertyUtilsTestCase.testGetPublicSubBean_of_PackageBean()	org.apache.commons.beanutils2.PropertyUtils.getProperty(Object,String)
org.apache.commons.beanutils2.LazyDynaList.growList(int)	org.apache.commons.beanutils2.LazyDynaList.transform(Object)
org.apache.commons.beanutils2.locale.LocaleBeanUtilsBean.getIndexedProperty(Object,String)	org.apache.commons.beanutils2.locale.LocaleBeanUtilsBean.getIndexedProperty(Object,String,String)
org.apache.commons.beanutils2.LazyDynaBeanTestCase.testIndexedLinkedList()	org.apache.commons.beanutils2.LazyDynaBean.get(String)
org.apache.commons.beanutils2.BeanUtilsBean.copyProperty(Object,String,Object)	org.apache.commons.beanutils2.BeanUtilsBean.getPropertyUtils()
org.apache.commons.beanutils2.BeanUtilsBean.dynaPropertyType(DynaProperty,Object)	org.apache.commons.beanutils2.DynaProperty.getType()
org.apache.commons.beanutils2.BeanPropertyValueEqualsPredicateTestCase.testEvaluateWithNestedMappedProperty()	org.apache.commons.beanutils2.BeanPropertyValueEqualsPredicate.test(T)
org.apache.commons.beanutils2.DynaBeanUtilsTestCase.testPopulateNested()	org.apache.commons.beanutils2.DynaBean.get(String)
org.apache.commons.beanutils2.PropertyUtilsTestCase.testSetIndexedValues()	org.apache.commons.beanutils2.PropertyUtils.setIndexedProperty(Object,String,Object)
org.apache.commons.beanutils2.BeanComparatorTestCase.testCompareWithNulls()	org.apache.commons.beanutils2.BeanComparator.compare(T,T)
org.apache.commons.beanutils2.WeakFastHashMap.CollectionView.size()	org.apache.commons.beanutils2.WeakFastHashMap.CollectionView.get(Map<K, V>)
org.apache.commons.beanutils2.DynaPropertyUtilsTestCase.testSetSimpleShort()	org.apache.commons.beanutils2.PropertyUtils.setSimpleProperty(Object,String,Object)
org.apache.commons.beanutils2.PropertyUtilsBean.getMappedProperty(Object,String,String)	org.apache.commons.beanutils2.DynaClass.getDynaProperty(String)
org.apache.commons.beanutils2.locale.LocaleConvertUtilsTestCase.testPositiveScalar()	org.apache.commons.beanutils2.locale.LocaleConvertUtils.convert(String,Class<?>)
org.apache.commons.beanutils2.PropertyUtilsTestCase.testGetDescriptorDouble()	org.apache.commons.beanutils2.PropertyUtilsTestCase.testGetDescriptorBase(String,String,String)
org.apache.commons.beanutils2.DynaResultSetTestCase.testGetDynaProperties()	org.apache.commons.beanutils2.DynaProperty.getName()
org.apache.commons.beanutils2.locale.LocaleBeanUtils.getIndexedProperty(Object,String)	org.apache.commons.beanutils2.locale.LocaleBeanUtilsBean.getIndexedProperty(Object,String)
org.apache.commons.beanutils2.BeanPropertyValueChangeConsumerTestCase.testExecuteWithNullInPropertyPath()	org.apache.commons.beanutils2.BeanPropertyValueChangeConsumer.accept(Object)
org.apache.commons.beanutils2.MethodUtilsTestCase.testInvokeExactMethod()	org.apache.commons.beanutils2.MethodUtils.invokeExactMethod(Object,String,Object)
org.apache.commons.beanutils2.ConvertUtils.convert(Object,Class<?>)	org.apache.commons.beanutils2.ConvertUtilsBean.convert(Object,Class<?>)
org.apache.commons.beanutils2.LazyDynaMapTestCase.testMappedPropertyTreeMap()	org.apache.commons.beanutils2.LazyDynaMap.add(String,Class<?>)
org.apache.commons.beanutils2.BeanUtilsBean.getMappedProperty(Object,String,String)	org.apache.commons.beanutils2.BeanUtilsBean.getConvertUtils()
org.apache.commons.beanutils2.BeanMapTestCase.makeFullMap()	org.apache.commons.beanutils2.BeanMapTestCase.BeanWithProperties.setSomeCharValue(char)
org.apache.commons.beanutils2.BeanUtilsBean.copyProperty(Object,String,Object)	org.apache.commons.beanutils2.expression.Resolver.remove(String)
org.apache.commons.beanutils2.PropertyUtils.getMappedPropertyDescriptors(Class<?>)	org.apache.commons.beanutils2.PropertyUtilsBean.getInstance()
org.apache.commons.beanutils2.PropertyUtilsBean.isWriteable(Object,String)	org.apache.commons.beanutils2.MethodUtils.getAccessibleMethod(Class<?>,Method)
org.apache.commons.beanutils2.converters.MemoryTestCase.testComponentRegistersStandardConverter()	org.apache.commons.beanutils2.ConvertUtils.register(Converter,Class<?>)
org.apache.commons.beanutils2.LazyDynaClassTestCase.testGetPropertyDoesntExist1()	org.apache.commons.beanutils2.LazyDynaClass.setReturnNull(boolean)
org.apache.commons.beanutils2.memoryleaktests.MemoryLeakTestCase.testConvertUtilsBean_converters_memoryLeak()	org.apache.commons.beanutils2.memoryleaktests.MemoryLeakTestCase.clearAllBeanUtilsCaches()
org.apache.commons.beanutils2.converters.NumberConverterTestBase.testStringToNumberDefault()	org.apache.commons.beanutils2.converters.AbstractConverter.convert(Class<T>,Object)
org.apache.commons.beanutils2.converters.IntegerConverterTestCase.testSimpleConversion()	org.apache.commons.beanutils2.Converter.convert(Class<T>,Object)
org.apache.commons.beanutils2.bugs.Jira381TestCase.testIssue_BEANUTILS_381_getMatchingAccessibleMethod()	org.apache.commons.beanutils2.MethodUtils.getMatchingAccessibleMethod(Class<?>,String,Class<?>)
org.apache.commons.beanutils2.locale.LocaleConvertUtils.register(LocaleConverter,Class<?>,Locale)	org.apache.commons.beanutils2.locale.LocaleConvertUtilsBean.getInstance()
org.apache.commons.beanutils2.locale.LocaleBeanUtilsTestCase.testSetNestedPropertyIndexed()	org.apache.commons.beanutils2.locale.LocaleBeanUtils.setProperty(Object,String,Object,String)
org.apache.commons.beanutils2.locale.BaseLocaleConverter.convert(Class<T>,Object,String)	org.apache.commons.beanutils2.locale.BaseLocaleConverter.getDefaultAs(Class<T>)
org.apache.commons.beanutils2.LazyDynaBean.get(String,String)	org.apache.commons.beanutils2.LazyDynaBean.get(String)
org.apache.commons.beanutils2.DynaBeanUtilsTestCase.testCopyPropertiesDynaBean()	org.apache.commons.beanutils2.DynaBean.get(String)
org.apache.commons.beanutils2.converters.NumberConverterTestBase.testNumberToStringLocale()	org.apache.commons.beanutils2.converters.AbstractConverter.convert(Class<T>,Object)
org.apache.commons.beanutils2.DynaPropertyUtilsTestCase.testSetIndexedValues()	org.apache.commons.beanutils2.PropertyUtils.getIndexedProperty(Object,String)
org.apache.commons.beanutils2.locale.LocaleConvertUtils.getDefaultLocale()	org.apache.commons.beanutils2.locale.LocaleConvertUtilsBean.getInstance()
org.apache.commons.beanutils2.ConvertUtils.deregister(Class<?>)	org.apache.commons.beanutils2.ConvertUtilsBean.deregister(Class<?>)
org.apache.commons.beanutils2.DefaultIntrospectionContextTestCase.testAddPropertyDescriptors()	org.apache.commons.beanutils2.DefaultIntrospectionContext.getPropertyDescriptors()
org.apache.commons.beanutils2.locale.LocaleBeanUtilsBean.getProperty(Object,String,String)	org.apache.commons.beanutils2.locale.LocaleBeanUtilsBean.getNestedProperty(Object,String,String)
org.apache.commons.beanutils2.locale.LocaleBeanUtilsBean.setProperty(Object,String,Object,String)	org.apache.commons.beanutils2.BeanUtilsBean.getPropertyUtils()
org.apache.commons.beanutils2.MappedPropertyTestCase.testPublicParentMethod()	org.apache.commons.beanutils2.MappedPropertyDescriptor.getMappedWriteMethod()
org.apache.commons.beanutils2.locale.converters.BaseLocaleConverterTestCase.convertValueNoPattern(BaseLocaleConverter,String,Object,Object)	org.apache.commons.beanutils2.locale.BaseLocaleConverter.convert(Object)
org.apache.commons.beanutils2.converters.ZoneIdConverter.convertToType(Class<T>,Object)	org.apache.commons.beanutils2.converters.AbstractConverter.conversionException(Class<?>,Object)
org.apache.commons.beanutils2.MappedPropertyDescriptor.internalGetMethod(Class<?>,String,int)	org.apache.commons.beanutils2.MappedPropertyDescriptor.internalGetMethod(Class<?>,String,int)
org.apache.commons.beanutils2.BasicDynaBeanTestCase.testSetMappedValues()	org.apache.commons.beanutils2.DynaBean.get(String,String)
org.apache.commons.beanutils2.PropertyUtilsTestCase.testGetNestedInt()	org.apache.commons.beanutils2.PropertyUtils.getNestedProperty(Object,String)
org.apache.commons.beanutils2.locale.converters.DateLocaleConverterTestCase.tearDown()	org.apache.commons.beanutils2.locale.converters.BaseLocaleConverterTestCase.tearDown()
org.apache.commons.beanutils2.locale.LocaleBeanUtilsBean.getIndexedProperty(Object,String,int,String)	org.apache.commons.beanutils2.locale.LocaleConvertUtilsBean.convert(Object,String)
org.apache.commons.beanutils2.memoryleaktests.MemoryLeakTestCase.testLocaleConvertUtilsBean_converters_memoryLeak()	org.apache.commons.beanutils2.memoryleaktests.MemoryLeakTestCase.clearAllBeanUtilsCaches()
org.apache.commons.beanutils2.BeanUtils2TestCase.testCopyPropertyConvertToStringArray()	org.apache.commons.beanutils2.TestBean.setStringArray(String[])
org.apache.commons.beanutils2.PropertyUtilsTestCase.testCustomIntrospectionEx()	org.apache.commons.beanutils2.PropertyUtils.addBeanIntrospector(BeanIntrospector)
org.apache.commons.beanutils2.BasicDynaBeanTestCase.testSerialization()	org.apache.commons.beanutils2.BasicDynaBeanTestCase.testGetDescriptorFloat()
org.apache.commons.beanutils2.BeanUtilsTestCase.testPopulateScalar()	org.apache.commons.beanutils2.TestBean.getBooleanProperty()
org.apache.commons.beanutils2.BasicDynaBeanTestCase.testGetDescriptorDouble()	org.apache.commons.beanutils2.BasicDynaBeanTestCase.testGetDescriptorBase(String,Class<?>)
org.apache.commons.beanutils2.BeanificationTestCase.testGetByContextClassLoader()	org.apache.commons.beanutils2.BeanificationTestCase.Signal.getBean()
org.apache.commons.beanutils2.MethodUtilsTestCase.testInvokeMethodPrimitiveInt()	org.apache.commons.beanutils2.MethodUtils.invokeMethod(Object,String,Object)
org.apache.commons.beanutils2.BeanUtilsTestCase.getCause(Throwable)	org.apache.commons.beanutils2.PropertyUtils.getProperty(Object,String)
org.apache.commons.beanutils2.LazyDynaMapTestCase.testMappedPropertyUtils()	org.apache.commons.beanutils2.LazyDynaMap.isDynaProperty(String)
org.apache.commons.beanutils2.IndexedPropertyTestCase.testListIndexedWriteMethod()	org.apache.commons.beanutils2.bugs.other.Jira492IndexedListsSupport.supportsIndexedLists()
org.apache.commons.beanutils2.converters.DateConverterTestBase.testLocale()	org.apache.commons.beanutils2.converters.DateConverterTestBase.validConversion(Converter,Object,Object)
org.apache.commons.beanutils2.converters.YearMonthConverterTestCase.testSimpleConversion()	org.apache.commons.beanutils2.Converter.convert(Class<T>,Object)
org.apache.commons.beanutils2.DynaPropertyUtilsTestCase.testGetNestedFloat()	org.apache.commons.beanutils2.TestBean.getFloatProperty()
org.apache.commons.beanutils2.PropertyUtilsBean.setPropertyOfMapBean(Map<String, Object>,String,Object)	org.apache.commons.beanutils2.expression.Resolver.getKey(String)
org.apache.commons.beanutils2.MappedPropertyDescriptor.MappedMethodReference.get()	org.apache.commons.beanutils2.MappedPropertyDescriptor.MappedMethodReference.reLoadClass()
org.apache.commons.beanutils2.BaseDynaBeanMapDecorator.keySet()	org.apache.commons.beanutils2.BaseDynaBeanMapDecorator.getDynaBean()
org.apache.commons.beanutils2.DynaBeanUtilsTestCase.testSetPropertyNullValues()	org.apache.commons.beanutils2.PropertyUtils.getSimpleProperty(Object,String)
org.apache.commons.beanutils2.PropertyUtils.isReadable(Object,String)	org.apache.commons.beanutils2.PropertyUtilsBean.getInstance()
org.apache.commons.beanutils2.BeanUtilsTestCase.testGetArrayProperty()	org.apache.commons.beanutils2.TestBean.getIntArray()
org.apache.commons.beanutils2.BeanUtilsTestCase.testCopyPropertiesStandard()	org.apache.commons.beanutils2.TestBean.setLongProperty(long)
org.apache.commons.beanutils2.LazyDynaBeanTestCase.testIndexedPropertyUtils()	org.apache.commons.beanutils2.LazyDynaBean.get(String)
org.apache.commons.beanutils2.BeanUtilsBean.copyProperty(Object,String,Object)	org.apache.commons.beanutils2.PropertyUtilsBean.setMappedProperty(Object,String,String,Object)
org.apache.commons.beanutils2.BeanUtilsTestCase.testPopulateScalar()	org.apache.commons.beanutils2.TestBean.getReadOnlyProperty()
org.apache.commons.beanutils2.PropertyUtilsTestCase.testGetNestedInt()	org.apache.commons.beanutils2.TestBean.getNested()
org.apache.commons.beanutils2.LazyDynaListTestCase.testSerializationDynaBean()	org.apache.commons.beanutils2.LazyDynaList.get(int)
org.apache.commons.beanutils2.LazyDynaBeanTestCase.testMappedPropertyUtils()	org.apache.commons.beanutils2.PropertyUtils.setProperty(Object,String,Object)
org.apache.commons.beanutils2.converters.DateTimeConverter.convertToType(Class<T>,Object)	org.apache.commons.beanutils2.converters.DateTimeConverter.getFormat(Locale,TimeZone)
org.apache.commons.beanutils2.BeanificationTestCase.TestIndependenceThread.convert(Class<T>,Object)	org.apache.commons.beanutils2.ConvertUtils.primitiveToWrapper(Class<T>)
org.apache.commons.beanutils2.PropertyUtilsTestCase.testSetIndexedValues()	org.apache.commons.beanutils2.PropertyUtils.getIndexedProperty(Object,String)
org.apache.commons.beanutils2.BasicDynaBeanTestCase.testSerialization()	org.apache.commons.beanutils2.BasicDynaBeanTestCase.testGetIndexedValues()
org.apache.commons.beanutils2.BeanUtilsBean.copyProperty(Object,String,Object)	org.apache.commons.beanutils2.PropertyUtilsBean.setSimpleProperty(Object,String,Object)
org.apache.commons.beanutils2.BeanUtilsBean.describe(Object)	org.apache.commons.beanutils2.DynaProperty.getName()
org.apache.commons.beanutils2.locale.LocaleBeanificationTestCase.testContextClassloaderIndependence()	org.apache.commons.beanutils2.PrimitiveBean.getInt()
org.apache.commons.beanutils2.BasicDynaBeanTestCase.testSerialization()	org.apache.commons.beanutils2.DynaClass.newInstance()
org.apache.commons.beanutils2.LazyDynaListTestCase.testSerializationDynaBean()	org.apache.commons.beanutils2.BasicDynaBean.set(String,Object)
org.apache.commons.beanutils2.locale.LocaleBeanUtils.getSimpleProperty(Object,String)	org.apache.commons.beanutils2.locale.LocaleBeanUtilsBean.getSimpleProperty(Object,String)
org.apache.commons.beanutils2.converters.NumberConverterTestBase.testNumberToStringPattern()	org.apache.commons.beanutils2.converters.NumberConverter.setLocale(Locale)
org.apache.commons.beanutils2.PropertyUtilsBean.setNestedProperty(Object,String,Object)	org.apache.commons.beanutils2.PropertyUtilsBean.setPropertyOfMapBean(Map<String, Object>,String,Object)
org.apache.commons.beanutils2.BeanComparatorTestCase.testSimpleCompare()	org.apache.commons.beanutils2.BeanComparator.compare(T,T)
org.apache.commons.beanutils2.converters.MemoryTestCase.testComponentRegistersCustomConverter()	org.apache.commons.beanutils2.converters.ClassReloader.reload(Class<?>)
org.apache.commons.beanutils2.LazyDynaBeanTestCase.testSimpleProperty()	org.apache.commons.beanutils2.LazyDynaBean.get(String)
org.apache.commons.beanutils2.BeanificationTestCase.testBeanUtilsBeanSetInstance()	org.apache.commons.beanutils2.BeanificationTestCase.Signal.getSignal()
org.apache.commons.beanutils2.DynaPropertyUtilsTestCase.testGetNestedLong()	org.apache.commons.beanutils2.TestBean.getLongProperty()
org.apache.commons.beanutils2.LazyDynaClassTestCase.testRemovePropertyRestricted()	org.apache.commons.beanutils2.LazyDynaClass.isRestricted()
org.apache.commons.beanutils2.FluentPropertyBeanIntrospector.createFluentPropertyDescritor(Method,String)	org.apache.commons.beanutils2.FluentPropertyBeanIntrospector.propertyName(Method)
org.apache.commons.beanutils2.locale.converters.DateLocaleConverter.convertLocalizedPattern(String,Locale)	org.apache.commons.beanutils2.locale.converters.DateLocaleConverter.convertPattern(String,String,String)
org.apache.commons.beanutils2.PropertyUtilsTestCase.testGetMappedPeriods()	org.apache.commons.beanutils2.TestBean.getMappedObjects(String)
org.apache.commons.beanutils2.BaseDynaBeanMapDecorator.get(Object)	org.apache.commons.beanutils2.BaseDynaBeanMapDecorator.toString(Object)
org.apache.commons.beanutils2.WrapDynaBeanTestCase.checkSimplePropertyAccess()	org.apache.commons.beanutils2.TestBean.getStringProperty()
org.apache.commons.beanutils2.PropertyUtilsBean.setNestedProperty(Object,String,Object)	org.apache.commons.beanutils2.expression.Resolver.isMapped(String)
org.apache.commons.beanutils2.PropertyUtilsTestCase.testCustomIntrospection()	org.apache.commons.beanutils2.PropertyUtils.clearDescriptors()
org.apache.commons.beanutils2.LazyDynaBeanTestCase.testMappedPropertyTreeMap()	org.apache.commons.beanutils2.LazyDynaBean.get(String)
org.apache.commons.beanutils2.PropertyUtilsTestCase.testGetNestedFloat()	org.apache.commons.beanutils2.PropertyUtils.getNestedProperty(Object,String)
org.apache.commons.beanutils2.ConvertingWrapDynaBean.set(String,Object)	org.apache.commons.beanutils2.BeanUtils.initCause(Throwable,Throwable)
org.apache.commons.beanutils2.locale.LocaleConvertUtils.convert(String,Class<?>,Locale,String)	org.apache.commons.beanutils2.locale.LocaleConvertUtilsBean.convert(String,Class<?>,Locale,String)
org.apache.commons.beanutils2.BasicDynaBeanTestCase.testSetSimpleDouble()	org.apache.commons.beanutils2.DynaBean.set(String,Object)
org.apache.commons.beanutils2.DynaPropertyUtilsTestCase.testGetNestedInt()	org.apache.commons.beanutils2.DynaBean.get(String)
org.apache.commons.beanutils2.PropertyUtilsTestCase.testGetSimpleReadOnly()	org.apache.commons.beanutils2.PropertyUtils.getSimpleProperty(Object,String)
org.apache.commons.beanutils2.ConvertUtils.convert(String,Class<?>)	org.apache.commons.beanutils2.ConvertUtilsBean.getInstance()
org.apache.commons.beanutils2.converters.UUIDConverter.convertToType(Class<T>,Object)	org.apache.commons.beanutils2.converters.AbstractConverter.conversionException(Class<?>,Object)
org.apache.commons.beanutils2.converters.ArrayConverter.getDefault(Class<?>)	org.apache.commons.beanutils2.converters.AbstractConverter.getDefault(Class<?>)
org.apache.commons.beanutils2.BasicDynaBeanTestCase.testSerialization()	org.apache.commons.beanutils2.BasicDynaBeanTestCase.testGetSimpleDouble()
org.apache.commons.beanutils2.PropertyUtilsBean.getPropertyOfMapBean(Map<?, ?>,String)	org.apache.commons.beanutils2.expression.Resolver.isMapped(String)
org.apache.commons.beanutils2.converters.NumberConverter.getFormat()	org.apache.commons.beanutils2.converters.AbstractConverter.log()
org.apache.commons.beanutils2.BeanUtilsTestCase.testCopyPropertiesDynaBean()	org.apache.commons.beanutils2.TestBean.getIntProperty()
org.apache.commons.beanutils2.converters.URLConverter.convertToType(Class<T>,Object)	org.apache.commons.beanutils2.converters.AbstractConverter.conversionException(Class<?>,Object)
org.apache.commons.beanutils2.BeanPropertyValueChangeConsumerTestCase.testExecuteWithSimpleBytePropertyAndStringValue()	org.apache.commons.beanutils2.BeanPropertyValueChangeConsumer.accept(Object)
org.apache.commons.beanutils2.PropertyUtilsBean.setNestedProperty(Object,String,Object)	org.apache.commons.beanutils2.PropertyUtilsBean.getIndexedProperty(Object,String)
org.apache.commons.beanutils2.locale.converters.DateLocaleConverterTestCase.testInvalidDate()	org.apache.commons.beanutils2.locale.BaseLocaleConverter.convert(Object,String)
org.apache.commons.beanutils2.PropertyUtilsTestCase.testIsReadable()	org.apache.commons.beanutils2.PropertyUtils.isReadable(Object,String)
org.apache.commons.beanutils2.BeanPropertyValueChangeConsumerTestCase.testExecuteWithSimpleIntPropertyAndFloatValue()	org.apache.commons.beanutils2.BeanPropertyValueChangeConsumer.accept(Object)
org.apache.commons.beanutils2.BeanificationTestCase.testMemoryLeak()	org.apache.commons.beanutils2.BeanUtilsBean.getInstance()
org.apache.commons.beanutils2.PropertyUtilsTestCase.testSetIndexedMap()	org.apache.commons.beanutils2.PropertyUtils.setProperty(Object,String,Object)
org.apache.commons.beanutils2.WrapDynaClass.createDynaClass(Class<?>,PropertyUtilsBean)	org.apache.commons.beanutils2.WrapDynaClass.getClassesCache()
org.apache.commons.beanutils2.LazyDynaMapTestCase.testIndexedPropertyUtils()	org.apache.commons.beanutils2.LazyDynaMap.isDynaProperty(String)
org.apache.commons.beanutils2.BeanificationTestCase.testContextClassloaderIndependence()	org.apache.commons.beanutils2.PrimitiveBean.getInt()
org.apache.commons.beanutils2.BeanUtilsTestCase.testSetPropertyByte()	org.apache.commons.beanutils2.BeanUtils.setProperty(Object,String,Object)
org.apache.commons.beanutils2.locale.LocaleBeanificationTestCase.testLocaleAwareConverterInConvertUtils()	org.apache.commons.beanutils2.ConvertUtils.convert(String,Class<?>)
org.apache.commons.beanutils2.locale.LocaleBeanUtils.convert(Class<?>,int,Object,String)	org.apache.commons.beanutils2.locale.LocaleBeanUtilsBean.getLocaleBeanUtilsInstance()
org.apache.commons.beanutils2.BeanToPropertyValueTransformerTestCase.testTransformWithSimpleLongProperty()	org.apache.commons.beanutils2.TestBean.setLongProperty(long)
org.apache.commons.beanutils2.DynaPropertyUtilsTestCase.testGetSimpleUnknown()	org.apache.commons.beanutils2.PropertyUtils.getSimpleProperty(Object,String)
org.apache.commons.beanutils2.memoryleaktests.MemoryLeakTestCase.testMethodUtils_cache_memoryLeak()	org.apache.commons.beanutils2.memoryleaktests.MemoryLeakTestCase.profilerLeakReport(String,String)
org.apache.commons.beanutils2.locale.converters.BaseLocaleConverterTestCase.convertInvalid(BaseLocaleConverter,String,Object)	org.apache.commons.beanutils2.locale.BaseLocaleConverter.convert(Object)
org.apache.commons.beanutils2.PropertyUtilsTestCase.testGetMappedValues()	org.apache.commons.beanutils2.PropertyUtils.getMappedProperty(Object,String,String)
org.apache.commons.beanutils2.converters.NumberConverterTestBase.testStringToNumberLocale()	org.apache.commons.beanutils2.converters.NumberConverter.setUseLocaleFormat(boolean)
org.apache.commons.beanutils2.DynaRowSetTestCase.testGetDynaProperty()	org.apache.commons.beanutils2.DynaProperty.getType()
org.apache.commons.beanutils2.locale.converters.BaseLocaleConverterTestCase.convertNull(BaseLocaleConverter,Object)	org.apache.commons.beanutils2.locale.converters.BaseLocaleConverterTestCase.convertNull(BaseLocaleConverter,String,Object)
org.apache.commons.beanutils2.BeanComparatorTestCase.testSetProperty()	org.apache.commons.beanutils2.TestBean.setDoubleProperty(double)
org.apache.commons.beanutils2.bugs.Jira61TestCase.testIssue_BEANUTILS_61_PropertyUtils_getProperty_Indexed()	org.apache.commons.beanutils2.PropertyUtils.getProperty(Object,String)
org.apache.commons.beanutils2.PropertyUtilsTestCase.testSetSimpleNested()	org.apache.commons.beanutils2.PropertyUtils.setSimpleProperty(Object,String,Object)
org.apache.commons.beanutils2.WrapDynaBeanTestCase.testIntrospectionWithCustomPropUtils()	org.apache.commons.beanutils2.PropertyUtilsBean.addBeanIntrospector(BeanIntrospector)
org.apache.commons.beanutils2.DynaBeanUtilsTestCase.testPopulateNested()	org.apache.commons.beanutils2.TestBean.isBooleanSecond()
org.apache.commons.beanutils2.PropertyUtilsTestCase.testExceptionFromInvoke()	org.apache.commons.beanutils2.PropertyUtils.getProperty(Object,String)
org.apache.commons.beanutils2.memoryleaktests.MemoryLeakTestCase.testPropertyUtilsBean_mappedDescriptorsCache_memoryLeak()	org.apache.commons.beanutils2.memoryleaktests.MemoryLeakTestCase.newClassLoader()
org.apache.commons.beanutils2.DynaBeanUtilsTestCase.testCopyPropertyNull()	org.apache.commons.beanutils2.DynaBean.get(String)
org.apache.commons.beanutils2.BasicDynaClass.newInstance()	org.apache.commons.beanutils2.BasicDynaClass.setDynaBeanClass(Class<?>)
org.apache.commons.beanutils2.DynaProperty.readObject(ObjectInputStream)	org.apache.commons.beanutils2.DynaProperty.isIndexed()
org.apache.commons.beanutils2.FluentPropertyBeanIntrospector.propertyName(Method)	org.apache.commons.beanutils2.FluentPropertyBeanIntrospector.getWriteMethodPrefix()
org.apache.commons.beanutils2.BeanUtilsBean.getInstance()	org.apache.commons.beanutils2.ContextClassLoaderLocal.get()
org.apache.commons.beanutils2.ConvertUtilsTestCase.testPositiveScalar()	org.apache.commons.beanutils2.ConvertUtils.convert(String,Class<?>)
org.apache.commons.beanutils2.locale.converters.IntegerLocaleConverterTestCase.testToPrimitiveType()	org.apache.commons.beanutils2.locale.BaseLocaleConverter.convert(Class<T>,Object)
org.apache.commons.beanutils2.locale.LocaleConvertUtilsTestCase.fixmetestNegativeIntegerArray()	org.apache.commons.beanutils2.locale.LocaleConvertUtils.convert(String,Class<?>)
org.apache.commons.beanutils2.bugs.Jira347TestCase.testMappedPropertyDescriptor_AnyArgsProperty()	org.apache.commons.beanutils2.bugs.Jira347TestCase.getMappedWriteMethod(MappedPropertyDescriptor)
org.apache.commons.beanutils2.bugs.Jira492TestCase.setIndexedProperty()	org.apache.commons.beanutils2.BeanUtilsBean.getIndexedProperty(Object,String,int)
org.apache.commons.beanutils2.PropertyUtilsBean.describe(Object)	org.apache.commons.beanutils2.PropertyUtilsBean.getPropertyDescriptors(Object)
org.apache.commons.beanutils2.BeanUtilsTestCase.testCopyPropertiesDynaBean()	org.apache.commons.beanutils2.TestBean.getDupProperty()
org.apache.commons.beanutils2.converters.ArrayConverter.convertToType(Class<T>,Object)	org.apache.commons.beanutils2.converters.AbstractConverter.toString(Class<?>)
org.apache.commons.beanutils2.DynaRowSetTestCase.testListResultsNormalCase()	org.apache.commons.beanutils2.TestResultSet.createProxy()
org.apache.commons.beanutils2.PropertyUtilsTestCase.testSetSimpleIndexed()	org.apache.commons.beanutils2.PropertyUtils.setSimpleProperty(Object,String,Object)
org.apache.commons.beanutils2.locale.LocaleConvertUtilsBean.create(Locale)	org.apache.commons.beanutils2.locale.LocaleConvertUtilsBean.DelegateFastHashMap.setFast(boolean)
org.apache.commons.beanutils2.PropertyUtilsTestCase.testGetPropertyType()	org.apache.commons.beanutils2.PropertyUtils.getPropertyType(Object,String)
org.apache.commons.beanutils2.LazyDynaBeanTestCase.testIndexedInvalidType()	org.apache.commons.beanutils2.LazyDynaBean.set(String,int,Object)
org.apache.commons.beanutils2.IndexedPropertyTestCase.testListWriteMethod()	org.apache.commons.beanutils2.PropertyUtilsBean.getPropertyDescriptor(Object,String)
org.apache.commons.beanutils2.BeanMap.next()	org.apache.commons.beanutils2.BeanMap.get(Object)
org.apache.commons.beanutils2.BeanUtilsTestCase.testCopyPropertiesMap()	org.apache.commons.beanutils2.TestBean.getLongProperty()
org.apache.commons.beanutils2.bugs.Jira456TestCase.testPropertyIsWritable()	org.apache.commons.beanutils2.PropertyUtilsBean.isWriteable(Object,String)
org.apache.commons.beanutils2.memoryleaktests.MemoryLeakTestCase.testPropertyUtilsBean_mappedDescriptorsCache_memoryLeak()	org.apache.commons.beanutils2.memoryleaktests.MemoryLeakTestCase.forceGarbageCollection()
org.apache.commons.beanutils2.LazyDynaClass.add(DynaProperty)	org.apache.commons.beanutils2.BasicDynaClass.getDynaProperties()
org.apache.commons.beanutils2.WeakFastHashMap.CollectionView.remove(Object)	org.apache.commons.beanutils2.WeakFastHashMap.CollectionView.get(Map<K, V>)
org.apache.commons.beanutils2.BeanificationTestCase.testGetByContextClassLoader()	org.apache.commons.beanutils2.BeanificationTestCase.Signal.setConvertUtils(ConvertUtilsBean)
org.apache.commons.beanutils2.MethodUtilsTestCase.testSetCacheMethods()	org.apache.commons.beanutils2.MethodUtils.setCacheMethods(boolean)
org.apache.commons.beanutils2.FluentPropertyBeanIntrospector.introspect(IntrospectionContext)	org.apache.commons.beanutils2.IntrospectionContext.addPropertyDescriptor(PropertyDescriptor)
org.apache.commons.beanutils2.PropertyUtils.getMappedProperty(Object,String)	org.apache.commons.beanutils2.PropertyUtilsBean.getInstance()
org.apache.commons.beanutils2.LazyDynaMapTestCase.testSimplePropertyRestricted()	org.apache.commons.beanutils2.LazyDynaBean.get(String)
org.apache.commons.beanutils2.LazyDynaListTestCase.testMapType()	org.apache.commons.beanutils2.LazyDynaListTestCase.mapTest(LazyDynaList,Class<?>,Object)
org.apache.commons.beanutils2.PropertyUtilsTestCase.testGetMappedValues()	org.apache.commons.beanutils2.PropertyUtils.getNestedProperty(Object,String)
org.apache.commons.beanutils2.PropertyUtilsTestCase.testGetDescriptorInvalidBoolean()	org.apache.commons.beanutils2.PropertyUtils.getPropertyDescriptor(Object,String)
org.apache.commons.beanutils2.MethodUtils.invokeStaticMethod(Class<?>,String,Object)	org.apache.commons.beanutils2.MethodUtils.invokeStaticMethod(Class<?>,String,Object[])
org.apache.commons.beanutils2.ConstructorUtilsTestCase.testInvokeConstructorWithArgArray()	org.apache.commons.beanutils2.TestBean.getFloatProperty()
org.apache.commons.beanutils2.DynaBeanUtilsTestCase.testSetPropertyNullValues()	org.apache.commons.beanutils2.BeanUtils.setProperty(Object,String,Object)
org.apache.commons.beanutils2.PropertyUtils.setIndexedProperty(Object,String,Object)	org.apache.commons.beanutils2.PropertyUtilsBean.setIndexedProperty(Object,String,Object)
org.apache.commons.beanutils2.expression.DefaultResolverTestCase.testGetIndex()	org.apache.commons.beanutils2.expression.DefaultResolverTestCase.label(String,int)
org.apache.commons.beanutils2.PropertyUtilsTestCase.testCopyPropertiesMap()	org.apache.commons.beanutils2.TestBean.getIntArray()
org.apache.commons.beanutils2.LazyDynaBean.set(String,int,Object)	org.apache.commons.beanutils2.DynaClass.getDynaProperty(String)
org.apache.commons.beanutils2.PropertyUtilsTestCase.testGetIndexedValues()	org.apache.commons.beanutils2.PropertyUtils.getIndexedProperty(Object,String)
org.apache.commons.beanutils2.bugs.Jira349TestCase.testIssue_BEANUTILS_349_PropertyUtils_copyProperties()	org.apache.commons.beanutils2.PropertyUtils.copyProperties(Object,Object)
org.apache.commons.beanutils2.LazyDynaBeanTestCase.testMappedInvalidType()	org.apache.commons.beanutils2.LazyDynaClass.add(String,Class<?>)
org.apache.commons.beanutils2.BeanMap.clone()	org.apache.commons.beanutils2.BeanMap.get(Object)
org.apache.commons.beanutils2.MethodUtils.invokeStaticMethod(Class<?>,String,Object)	org.apache.commons.beanutils2.MethodUtils.toArray(Object)
org.apache.commons.beanutils2.BeanMap.Entry.setValue(Object)	org.apache.commons.beanutils2.BeanMap.get(Object)
org.apache.commons.beanutils2.locale.converters.IntegerLocaleConverterTestCase.setUp()	org.apache.commons.beanutils2.locale.converters.BaseLocaleConverterTestCase.setUp()
org.apache.commons.beanutils2.bugs.Jira18TestCase.testIssue_BEANUTILS_18_PropertyUtils_isWriteable_Mapped()	org.apache.commons.beanutils2.PropertyUtils.isWriteable(Object,String)
org.apache.commons.beanutils2.ConvertUtils.convert(String[],Class<?>)	org.apache.commons.beanutils2.ConvertUtilsBean.convert(String[],Class<?>)
org.apache.commons.beanutils2.BeanMapTestCase.testExceptionThrowFromClear()	org.apache.commons.beanutils2.BeanMap.clear()
org.apache.commons.beanutils2.PropertyUtilsTestCase.testCopyPropertiesMap()	org.apache.commons.beanutils2.TestBean.getDoubleProperty()
org.apache.commons.beanutils2.PropertyUtilsBean.getPropertyType(Object,String)	org.apache.commons.beanutils2.expression.Resolver.next(String)
org.apache.commons.beanutils2.LazyDynaListTestCase.testSerializationPojo()	org.apache.commons.beanutils2.LazyDynaList.add(Object)
org.apache.commons.beanutils2.DynaBeanUtilsTestCase.testCopyPropertyFloat()	org.apache.commons.beanutils2.DynaBean.get(String)
org.apache.commons.beanutils2.BeanUtils.getMappedProperty(Object,String)	org.apache.commons.beanutils2.BeanUtilsBean.getInstance()
org.apache.commons.beanutils2.bugs.Jira357TestCase.testPropertyUtils_getPropertyDescriptors_Foo()	org.apache.commons.beanutils2.bugs.Jira357TestCase.checkReadMethod(String,Class<?>)
org.apache.commons.beanutils2.DynaPropertyUtilsTestCase.testSetSimpleFloat()	org.apache.commons.beanutils2.PropertyUtils.setSimpleProperty(Object,String,Object)
org.apache.commons.beanutils2.PropertyUtilsTestCase.testGetMappedSlashes()	org.apache.commons.beanutils2.TestBean.setMappedObjects(String,Object)
org.apache.commons.beanutils2.PropertyUtils.getPropertyType(Object,String)	org.apache.commons.beanutils2.PropertyUtilsBean.getPropertyType(Object,String)
org.apache.commons.beanutils2.converters.URIConverterTestCase.testSimpleConversion()	org.apache.commons.beanutils2.Converter.convert(Class<T>,Object)
org.apache.commons.beanutils2.PropertyUtilsTestCase.testGetDescriptorFloat()	org.apache.commons.beanutils2.PropertyUtilsTestCase.testGetDescriptorBase(String,String,String)
org.apache.commons.beanutils2.converters.DateConverterTestBase.testPatternNoDefault()	org.apache.commons.beanutils2.converters.DateConverterTestBase.toDate(Calendar)
org.apache.commons.beanutils2.DynaBeanUtilsTestCase.testCopyPropertiesDynaBean()	org.apache.commons.beanutils2.DynaBean.set(String,Object)
org.apache.commons.beanutils2.LazyDynaClassTestCase.testRemoveProperty()	org.apache.commons.beanutils2.LazyDynaClass.getDynaProperty(String)
org.apache.commons.beanutils2.converters.NumberConverter.convertToType(Class<T>,Object)	org.apache.commons.beanutils2.converters.NumberConverter.toNumber(Class<?>,Class<T>,Number)
org.apache.commons.beanutils2.locale.LocaleBeanUtils.invokeSetter(Object,String,String,int,Object)	org.apache.commons.beanutils2.locale.LocaleBeanUtilsBean.invokeSetter(Object,String,String,int,Object)
org.apache.commons.beanutils2.bugs.Jira422bTestCase.testSecondChildBean()	org.apache.commons.beanutils2.PropertyUtils.getPropertyType(Object,String)
org.apache.commons.beanutils2.BeanUtilsTestCase.testCopyPropertiesDynaBean()	org.apache.commons.beanutils2.TestBean.getStringArray()
org.apache.commons.beanutils2.locale.LocaleBeanUtilsBean.getMappedProperty(Object,String)	org.apache.commons.beanutils2.locale.LocaleBeanUtilsBean.getMappedPropertyLocale(Object,String,String)
org.apache.commons.beanutils2.BeanificationTestCase.testContextClassLoaderLocal()	org.apache.commons.beanutils2.BeanificationTestCase.Signal.setMarkerObject(Object)
org.apache.commons.beanutils2.DynaPropertyUtilsTestCase.testGetNestedFloat()	org.apache.commons.beanutils2.DynaBean.get(String)
org.apache.commons.beanutils2.BeanPropertyValueChangeConsumerTestCase.testExecuteWithSimpleIntPropertyAndIntegerValue()	org.apache.commons.beanutils2.TestBean.getIntProperty()
org.apache.commons.beanutils2.converters.NumberConverterTestBase.testNumberToStringDefault()	org.apache.commons.beanutils2.converters.NumberConverterTestBase.makeConverter()
org.apache.commons.beanutils2.PropertyUtilsTestCase.testGetNestedInt()	org.apache.commons.beanutils2.TestBean.getIntProperty()
org.apache.commons.beanutils2.BeanComparatorTestCase.testSimpleCompareInverse()	org.apache.commons.beanutils2.BeanComparator.compare(T,T)
org.apache.commons.beanutils2.LazyDynaClassTestCase.testAddPropertyRestricted1()	org.apache.commons.beanutils2.LazyDynaClass.add(String)
org.apache.commons.beanutils2.BeanMapTestCase.testExceptionThrowFromClone()	org.apache.commons.beanutils2.BeanMap.clone()
org.apache.commons.beanutils2.DynaPropertyUtilsTestCase.testSetSimpleInt()	org.apache.commons.beanutils2.DynaBean.get(String)
org.apache.commons.beanutils2.DynaBeanUtilsTestCase.testGetGeneralProperty()	org.apache.commons.beanutils2.DynaBean.get(String,int)
org.apache.commons.beanutils2.BaseDynaBeanMapDecorator.getDynaProperties()	org.apache.commons.beanutils2.DynaClass.getDynaProperties()
org.apache.commons.beanutils2.BeanificationTestCase.testGetByContextClassLoader()	org.apache.commons.beanutils2.PropertyUtilsBean.getInstance()
org.apache.commons.beanutils2.BeanUtilsTestCase.testMappedProperty()	org.apache.commons.beanutils2.MappedPropertyTestBean.getMapproperty(String)
org.apache.commons.beanutils2.LazyDynaMapTestCase.testIndexedObjectArray()	org.apache.commons.beanutils2.LazyDynaMap.add(String,Class<?>)
org.apache.commons.beanutils2.converters.BooleanConverterTestCase.testConversionValues(AbstractConverter,String[],String[])	org.apache.commons.beanutils2.converters.AbstractConverter.convert(Class<T>,Object)
org.apache.commons.beanutils2.converters.MemoryTestCase.testComponentRegistersStandardConverter()	org.apache.commons.beanutils2.converters.MemoryTestCase.forceGarbageCollection(WeakReference<?>)
org.apache.commons.beanutils2.locale.LocaleBeanUtilsBean.setProperty(Object,String,Object,String)	org.apache.commons.beanutils2.locale.LocaleBeanUtilsBean.definePropertyType(Object,String,String)
org.apache.commons.beanutils2.converters.ArrayConverterTestCase.testStringArrayToNumber()	org.apache.commons.beanutils2.converters.AbstractConverter.convert(Class<T>,Object)
org.apache.commons.beanutils2.converters.DateConverterTestBase.testStringConversion()	org.apache.commons.beanutils2.converters.DateConverterTestBase.toDate(Calendar)
org.apache.commons.beanutils2.BeanMap.putAllWriteable(BeanMap)	org.apache.commons.beanutils2.BeanMap.get(Object)
org.apache.commons.beanutils2.LazyDynaListTestCase.testSerializationDynaBean()	org.apache.commons.beanutils2.LazyDynaListTestCase.serializeDeserialize(Object,String)
org.apache.commons.beanutils2.bugs.Jira359TestCase.testBeanUtilsSetProperty_DefaultConvertStringToArray_WithoutColonValueAndNocoma()	org.apache.commons.beanutils2.BeanUtils.setProperty(Object,String,Object)
org.apache.commons.beanutils2.converters.DateTimeConverter.convertToType(Class<T>,Object)	org.apache.commons.beanutils2.converters.DateTimeConverter.parse(Class<?>,Class<?>,String,DateFormat)
org.apache.commons.beanutils2.PropertyUtils.clearDescriptors()	org.apache.commons.beanutils2.PropertyUtilsBean.clearDescriptors()
org.apache.commons.beanutils2.PropertyUtilsTestCase.testGetReadMethod(Object,String[],String)	org.apache.commons.beanutils2.PropertyUtils.getReadMethod(PropertyDescriptor)
org.apache.commons.beanutils2.ConvertUtilsTestCase.testNegativeStringArray()	org.apache.commons.beanutils2.ConvertUtilsTestCase.checkStringArray(Object,String[])
org.apache.commons.beanutils2.PropertyUtils.isWriteable(Object,String)	org.apache.commons.beanutils2.PropertyUtilsBean.getInstance()
org.apache.commons.beanutils2.expression.DefaultResolverTestCase.testGetName()	org.apache.commons.beanutils2.expression.DefaultResolver.getProperty(String)
org.apache.commons.beanutils2.converters.ZoneOffsetConverterTestCase.setUp()	org.apache.commons.beanutils2.converters.ZoneOffsetConverterTestCase.makeConverter()
org.apache.commons.beanutils2.PropertyUtilsTestCase.testGetMappedArguments()	org.apache.commons.beanutils2.PropertyUtils.getMappedProperty(Object,String)
org.apache.commons.beanutils2.converters.DateConverterTestBase.testStringConversion()	org.apache.commons.beanutils2.converters.DateConverterTestBase.stringConversion(Converter,String,Object)
org.apache.commons.beanutils2.locale.LocaleConvertUtils.convert(String[],Class<?>,Locale,String)	org.apache.commons.beanutils2.locale.LocaleConvertUtilsBean.getInstance()
org.apache.commons.beanutils2.LazyDynaMapTestCase.testIndexedDynaBeanArray()	org.apache.commons.beanutils2.LazyDynaBean.set(String,int,Object)
org.apache.commons.beanutils2.locale.LocaleBeanUtilsBean.invokeSetter(Object,String,String,int,Object)	org.apache.commons.beanutils2.PropertyUtilsBean.setMappedProperty(Object,String,String,Object)
org.apache.commons.beanutils2.ConstructorUtils.invokeConstructor(Class<T>,Object)	org.apache.commons.beanutils2.ConstructorUtils.toArray(Object)
org.apache.commons.beanutils2.BeanUtilsTestCase.testSetPropertyStringToArray()	org.apache.commons.beanutils2.TestBean.getStringArray()
org.apache.commons.beanutils2.PropertyUtilsBean.getPropertyType(Object,String)	org.apache.commons.beanutils2.DynaBean.getDynaClass()
org.apache.commons.beanutils2.bugs.Jira61TestCase.testIssue_BEANUTILS_61_BeanUtils_copyProperties_from_WrapDynaBean()	org.apache.commons.beanutils2.BeanUtils.copyProperties(Object,Object)
org.apache.commons.beanutils2.BeanUtilsTestCase.testCopyPropertyByte()	org.apache.commons.beanutils2.BeanUtils.copyProperty(Object,String,Object)
org.apache.commons.beanutils2.LazyDynaBeanTestCase.testMappedPropertyTreeMap()	org.apache.commons.beanutils2.DynaProperty.isMapped()
org.apache.commons.beanutils2.ConvertUtilsTestCase.testNegativeIntegerArray()	org.apache.commons.beanutils2.ConvertUtilsTestCase.checkIntegerArray(Object,int[])
org.apache.commons.beanutils2.BeanUtils.copyProperties(Object,Object)	org.apache.commons.beanutils2.BeanUtilsBean.copyProperties(Object,Object)
org.apache.commons.beanutils2.DynaPropertyUtilsTestCase.testGetNestedDouble()	org.apache.commons.beanutils2.PropertyUtils.getNestedProperty(Object,String)
org.apache.commons.beanutils2.WrapDynaBeanTestCase.testIntrospectionWithCustomPropUtils()	org.apache.commons.beanutils2.WrapDynaClass.createDynaClass(Class<?>,PropertyUtilsBean)
org.apache.commons.beanutils2.BeanUtilsTestCase.testPopulateScalar()	org.apache.commons.beanutils2.TestBean.getLongProperty()
org.apache.commons.beanutils2.DynaBeanUtilsTestCase.testPopulateNested()	org.apache.commons.beanutils2.TestBean.getStringProperty()
org.apache.commons.beanutils2.PropertyUtilsTestCase.testSetNestedLong()	org.apache.commons.beanutils2.TestBean.getLongProperty()
org.apache.commons.beanutils2.bugs.Jira61TestCase.testIssue_BEANUTILS_61_PropertyUtils_isReadable()	org.apache.commons.beanutils2.PropertyUtils.isReadable(Object,String)
org.apache.commons.beanutils2.DefaultIntrospectionContextTestCase.testPropertyNamesModify()	org.apache.commons.beanutils2.DefaultIntrospectionContext.propertyNames()
org.apache.commons.beanutils2.MethodUtilsTestCase.testPublicSub()	org.apache.commons.beanutils2.priv.PackageBean.getBar()
org.apache.commons.beanutils2.memoryleaktests.MemoryLeakTestCase.testPropertyUtilsBean_mappedDescriptorsCache_memoryLeak()	org.apache.commons.beanutils2.memoryleaktests.MemoryLeakTestCase.clearAllBeanUtilsCaches()
org.apache.commons.beanutils2.BasicDynaBeanTestCase.testGetSimpleDouble()	org.apache.commons.beanutils2.DynaBean.get(String)
org.apache.commons.beanutils2.locale.LocaleBeanificationTestCase.GetBeanUtilsBeanThread.run()	org.apache.commons.beanutils2.locale.LocaleBeanificationTestCase.Signal.setSignal(int)
org.apache.commons.beanutils2.converters.NumberConverterTestBase.testNumberToStringPattern()	org.apache.commons.beanutils2.converters.NumberConverterTestBase.makeConverter()
org.apache.commons.beanutils2.LazyDynaMapTestCase.testIndexedPropertyUtils()	org.apache.commons.beanutils2.PropertyUtils.setProperty(Object,String,Object)
org.apache.commons.beanutils2.LazyDynaListTestCase.testSerializationPojo()	org.apache.commons.beanutils2.LazyDynaList.get(int)
org.apache.commons.beanutils2.PropertyUtilsBean.getMappedProperty(Object,String,String)	org.apache.commons.beanutils2.PropertyUtilsBean.getReadMethod(Class<?>,PropertyDescriptor)
org.apache.commons.beanutils2.bugs.Jira18TestCase.testIssue_BEANUTILS_18_PropertyUtils_isReadable()	org.apache.commons.beanutils2.PropertyUtils.isReadable(Object,String)
org.apache.commons.beanutils2.FluentPropertyBeanIntrospectorTestCase.testIntrospection()	org.apache.commons.beanutils2.FluentPropertyBeanIntrospectorTestCase.createDescriptorMap(PropertyDescriptor[])
org.apache.commons.beanutils2.WrapDynaBeanTestCase.testNewInstance()	org.apache.commons.beanutils2.WrapDynaClass.newInstance()
org.apache.commons.beanutils2.PropertyUtilsTestCase.testSetSimpleShort()	org.apache.commons.beanutils2.PropertyUtils.setSimpleProperty(Object,String,Object)
org.apache.commons.beanutils2.PropertyUtilsTestCase.testSetPublicSubBean_of_PackageBean()	org.apache.commons.beanutils2.priv.PackageBean.setBar(String)
org.apache.commons.beanutils2.LazyDynaList.toArray(T[])	org.apache.commons.beanutils2.LazyDynaList.get(int)
org.apache.commons.beanutils2.ConstructorUtilsTestCase.testInvokeConstructorWithTypeArray()	org.apache.commons.beanutils2.TestBean.getStringProperty()
org.apache.commons.beanutils2.ConstructorUtilsTestCase.testInvokeConstructorWithTypeArray()	org.apache.commons.beanutils2.TestBean.isBooleanSecond()
org.apache.commons.beanutils2.DynaBeanUtilsTestCase.testCopyPropertiesDynaBean()	org.apache.commons.beanutils2.BeanUtils.copyProperties(Object,Object)
org.apache.commons.beanutils2.PropertyUtils.getIndexedProperty(Object,String,int)	org.apache.commons.beanutils2.PropertyUtilsBean.getIndexedProperty(Object,String,int)
org.apache.commons.beanutils2.LazyDynaMapTestCase.testMappedPropertyUtils()	org.apache.commons.beanutils2.PropertyUtils.setProperty(Object,String,Object)
org.apache.commons.beanutils2.BeanUtilsBean.setProperty(Object,String,Object)	org.apache.commons.beanutils2.ConvertUtilsBean.convert(Object,Class<?>)
org.apache.commons.beanutils2.locale.LocaleBeanUtilsBean.getProperty(Object,String)	org.apache.commons.beanutils2.locale.LocaleBeanUtilsBean.getNestedProperty(Object,String)
org.apache.commons.beanutils2.LazyDynaListTestCase.testSerializationPojo()	org.apache.commons.beanutils2.LazyDynaListTestCase.serializeDeserialize(Object,String)
org.apache.commons.beanutils2.TestResultSet.invoke(Object,Method,Object[])	org.apache.commons.beanutils2.TestResultSet.columnName(Object)
org.apache.commons.beanutils2.BeanUtilsBean.setProperty(Object,String,Object)	org.apache.commons.beanutils2.MappedPropertyDescriptor.getMappedWriteMethod()
org.apache.commons.beanutils2.locale.LocaleBeanUtils.convert(Class<?>,int,Object,String)	org.apache.commons.beanutils2.locale.LocaleBeanUtilsBean.convert(Class<?>,int,Object,String)
org.apache.commons.beanutils2.MethodUtilsTestCase.testSetCacheMethods()	org.apache.commons.beanutils2.MethodUtils.clearCache()
org.apache.commons.beanutils2.BeanUtilsTestCase.testGetIndexedPropertyDate()	org.apache.commons.beanutils2.BeanUtils.getIndexedProperty(Object,String)
org.apache.commons.beanutils2.LazyDynaClass.getDynaProperty(String)	org.apache.commons.beanutils2.LazyDynaClass.isRestricted()
org.apache.commons.beanutils2.BeanUtilsBean.copyProperty(Object,String,Object)	org.apache.commons.beanutils2.expression.Resolver.getProperty(String)
org.apache.commons.beanutils2.PropertyUtils.getWriteMethod(PropertyDescriptor)	org.apache.commons.beanutils2.PropertyUtilsBean.getWriteMethod(PropertyDescriptor)
org.apache.commons.beanutils2.PropertyUtilsBean.getPropertyType(Object,String)	org.apache.commons.beanutils2.PropertyUtilsBean.getProperty(Object,String)
org.apache.commons.beanutils2.PropertyUtils.getMappedProperty(Object,String,String)	org.apache.commons.beanutils2.PropertyUtilsBean.getMappedProperty(Object,String,String)
org.apache.commons.beanutils2.BasicDynaBeanTestCase.testSerialization()	org.apache.commons.beanutils2.BasicDynaBeanTestCase.testGetDescriptorSecond()
org.apache.commons.beanutils2.DynaRowSetTestCase.testInconsistentOracleDriver()	org.apache.commons.beanutils2.TestResultSetMetaData.createProxy(InvocationHandler)
org.apache.commons.beanutils2.PropertyUtilsBean.isReadable(Object,String)	org.apache.commons.beanutils2.DynaClass.getDynaProperty(String)
org.apache.commons.beanutils2.converters.NumberConverterTestBase.testNumberToStringDefault()	org.apache.commons.beanutils2.converters.AbstractConverter.convert(Class<T>,Object)
org.apache.commons.beanutils2.LazyDynaBean.createProperty(String,Class<?>)	org.apache.commons.beanutils2.LazyDynaBean.createOtherProperty(String,Class<?>)
org.apache.commons.beanutils2.locale.LocaleBeanUtils.setProperty(Object,String,Object,String)	org.apache.commons.beanutils2.locale.LocaleBeanUtilsBean.setProperty(Object,String,Object,String)
org.apache.commons.beanutils2.locale.LocaleBeanificationTestCase.testMemoryLeak()	org.apache.commons.beanutils2.locale.LocaleBeanUtilsBean.getLocaleBeanUtilsInstance()
org.apache.commons.beanutils2.LazyDynaBeanTestCase.testMappedPropertyUtils()	org.apache.commons.beanutils2.LazyDynaClass.setReturnNull(boolean)
org.apache.commons.beanutils2.BeanUtilsBenchCase.testPopulateMap()	org.apache.commons.beanutils2.BeanUtilsBean.populate(Object,Map<String, Object>)
org.apache.commons.beanutils2.BasicDynaBeanTestCase.testSetSimpleString()	org.apache.commons.beanutils2.DynaBean.set(String,Object)
org.apache.commons.beanutils2.locale.LocaleBeanificationTestCase.convert(Class<T>,Object,String)	org.apache.commons.beanutils2.ConvertUtils.primitiveToWrapper(Class<T>)
org.apache.commons.beanutils2.expression.DefaultResolverTestCase.testIsMapped()	org.apache.commons.beanutils2.expression.DefaultResolver.isMapped(String)
org.apache.commons.beanutils2.BeanUtilsTestCase.testCopyPropertyNestedMappedMap()	org.apache.commons.beanutils2.BeanUtils.copyProperty(Object,String,Object)
org.apache.commons.beanutils2.ConvertUtils.lookup(Class<?>,Class<?>)	org.apache.commons.beanutils2.ConvertUtilsBean.lookup(Class<?>,Class<?>)
org.apache.commons.beanutils2.PropertyUtilsTestCase.testGetReadMethodPublicSubclass()	org.apache.commons.beanutils2.PropertyUtilsTestCase.testGetReadMethod(Object,String[],String)
org.apache.commons.beanutils2.BeanUtilsTestCase.testGetIndexedProperty2()	org.apache.commons.beanutils2.TestBean.getIntIndexed(int)
org.apache.commons.beanutils2.BeanUtilsBean.getMappedProperty(Object,String,String)	org.apache.commons.beanutils2.ConvertUtilsBean.convert(Object)
org.apache.commons.beanutils2.bugs.Jira61TestCase.testIssue_BEANUTILS_61_BeanUtils_copyProperties_to_WrapDynaBean()	org.apache.commons.beanutils2.bugs.other.Jira61BeanFactory.TestBean.getSimpleReadOnly()
org.apache.commons.beanutils2.IndexedPropertyTestCase.testGetArrayList()	org.apache.commons.beanutils2.PropertyUtilsBean.getProperty(Object,String)
org.apache.commons.beanutils2.DynaBeanMapDecoratorTestCase.testIsReadOnly()	org.apache.commons.beanutils2.BaseDynaBeanMapDecorator.isReadOnly()
org.apache.commons.beanutils2.locale.LocaleConvertUtilsBean.register(LocaleConverter,Class<?>,Locale)	org.apache.commons.beanutils2.locale.LocaleConvertUtilsBean.lookup(Locale)
org.apache.commons.beanutils2.LazyDynaBeanTestCase.testMappedPropertyTreeMap()	org.apache.commons.beanutils2.LazyDynaClass.getDynaProperty(String)
org.apache.commons.beanutils2.BaseDynaBeanMapDecorator.get(Object)	org.apache.commons.beanutils2.BaseDynaBeanMapDecorator.getDynaBean()
org.apache.commons.beanutils2.BaseDynaBeanMapDecorator.values()	org.apache.commons.beanutils2.BaseDynaBeanMapDecorator.getDynaProperties()
org.apache.commons.beanutils2.bugs.Jira520TestCase.testAllowAccessToClassProperty()	org.apache.commons.beanutils2.BeanUtilsBean.getPropertyUtils()
org.apache.commons.beanutils2.BeanUtils.cloneBean(Object)	org.apache.commons.beanutils2.BeanUtilsBean.getInstance()
org.apache.commons.beanutils2.BeanMapTestCase.makeFullMap()	org.apache.commons.beanutils2.BeanMapTestCase.BeanWithProperties.setSomeIntValue(int)
org.apache.commons.beanutils2.BeanPropertyValueChangeConsumerTestCase.testExecuteWithSimpleFloatPropertyAndDoubleValue()	org.apache.commons.beanutils2.BeanPropertyValueChangeConsumer.accept(Object)
org.apache.commons.beanutils2.BasicDynaBeanTestCase.testSetSimpleFloat()	org.apache.commons.beanutils2.DynaBean.get(String)
org.apache.commons.beanutils2.PropertyUtilsBean.setIndexedProperty(Object,String,int,Object)	org.apache.commons.beanutils2.DynaClass.getDynaProperty(String)
org.apache.commons.beanutils2.PropertyUtilsBean.setMappedProperty(Object,String,Object)	org.apache.commons.beanutils2.expression.Resolver.getProperty(String)
org.apache.commons.beanutils2.PropertyUtilsTestCase.testSetMappedPeriods()	org.apache.commons.beanutils2.PropertyUtils.setNestedProperty(Object,String,Object)
org.apache.commons.beanutils2.DynaBeanUtilsTestCase.testCloneDynaBean()	org.apache.commons.beanutils2.BeanUtils.cloneBean(Object)
org.apache.commons.beanutils2.converters.NumberConverterTestBase.testStringToNumberDefault()	org.apache.commons.beanutils2.converters.NumberConverterTestBase.getExpectedType()
org.apache.commons.beanutils2.DynaBeanUtilsTestCase.testPopulateArrayElements()	org.apache.commons.beanutils2.BeanUtils.populate(Object,Map<String, Object>)
org.apache.commons.beanutils2.PropertyUtilsTestCase.testGetDescriptorMappedPeriods()	org.apache.commons.beanutils2.TestBean.getMappedIntProperty(String)
org.apache.commons.beanutils2.ConvertUtilsBean.convert(Object)	org.apache.commons.beanutils2.Converter.convert(Class<T>,Object)
org.apache.commons.beanutils2.ConstructorUtilsTestCase.testInvokeConstructor()	org.apache.commons.beanutils2.TestBean.getFloatProperty()
org.apache.commons.beanutils2.PropertyUtilsBenchCase.testCopyPropertiesBean()	org.apache.commons.beanutils2.PropertyUtilsBean.copyProperties(Object,Object)
org.apache.commons.beanutils2.PropertyUtilsTestCase.testMapExtensionCustom()	org.apache.commons.beanutils2.PropertyUtilsBean.setSimpleProperty(Object,String,Object)
org.apache.commons.beanutils2.PropertyUtils.getMappedProperty(Object,String)	org.apache.commons.beanutils2.PropertyUtilsBean.getMappedProperty(Object,String)
org.apache.commons.beanutils2.locale.BaseLocaleConverter.convert(Class<T>,Object,String)	org.apache.commons.beanutils2.locale.BaseLocaleConverter.checkConversionResult(Class<T>,Object)
org.apache.commons.beanutils2.BeanUtilsBean.setProperty(Object,String,Object)	org.apache.commons.beanutils2.DynaBean.getDynaClass()
org.apache.commons.beanutils2.converters.DateConverterTestBase.testDefaultStringToTypeConvert()	org.apache.commons.beanutils2.converters.DateTimeConverter.setUseLocaleFormat(boolean)
org.apache.commons.beanutils2.locale.LocaleBeanUtils.getIndexedProperty(Object,String,int)	org.apache.commons.beanutils2.locale.LocaleBeanUtilsBean.getLocaleBeanUtilsInstance()
org.apache.commons.beanutils2.converters.NumberConverter.parse(Class<?>,Class<?>,String,NumberFormat)	org.apache.commons.beanutils2.converters.AbstractConverter.toString(Class<?>)
org.apache.commons.beanutils2.PropertyUtils.isWriteable(Object,String)	org.apache.commons.beanutils2.PropertyUtilsBean.isWriteable(Object,String)
org.apache.commons.beanutils2.WrapDynaClass.introspect()	org.apache.commons.beanutils2.PropertyUtilsBean.getPropertyDescriptors(Class<?>)
org.apache.commons.beanutils2.PropertyUtilsBean.setPropertyOfMapBean(Map<String, Object>,String,Object)	org.apache.commons.beanutils2.expression.Resolver.isIndexed(String)
org.apache.commons.beanutils2.MethodUtilsTestCase.testGetAccessibleMethod()	org.apache.commons.beanutils2.MethodUtils.getAccessibleMethod(Class<?>,String,Class<?>)
org.apache.commons.beanutils2.converters.ArrayConverter.toString()	org.apache.commons.beanutils2.converters.AbstractConverter.toString(Class<?>)
org.apache.commons.beanutils2.BeanUtils.getProperty(Object,String)	org.apache.commons.beanutils2.BeanUtilsBean.getProperty(Object,String)
org.apache.commons.beanutils2.BeanUtilsBean.populate(Object,Map<String, Object>)	org.apache.commons.beanutils2.BeanUtilsBean.setProperty(Object,String,Object)
org.apache.commons.beanutils2.BeanificationTestCase.testBeanUtilsBeanSetInstance()	org.apache.commons.beanutils2.BeanificationTestCase.Signal.setBean(BeanUtilsBean)
org.apache.commons.beanutils2.BeanMapTestCase.testExceptionThrowFromClear()	org.apache.commons.beanutils2.PropertyUtils.getProperty(Object,String)
org.apache.commons.beanutils2.locale.converters.DoubleLocaleConverter.parse(Object,String)	org.apache.commons.beanutils2.locale.converters.DecimalLocaleConverter.parse(Object,String)
org.apache.commons.beanutils2.memoryleaktests.MemoryLeakTestCase.testWrapDynaClass_dynaClasses_memoryLeak()	org.apache.commons.beanutils2.memoryleaktests.MemoryLeakTestCase.clearAllBeanUtilsCaches()
org.apache.commons.beanutils2.BasicDynaBeanTestCase.testSerialization()	org.apache.commons.beanutils2.BasicDynaBeanTestCase.testGetDescriptorShort()
org.apache.commons.beanutils2.BeanUtilsTestCase.testSetPropertyStringToArray()	org.apache.commons.beanutils2.BeanUtils.setProperty(Object,String,Object)
org.apache.commons.beanutils2.LazyDynaMapTestCase.testMappedPropertyUtils()	org.apache.commons.beanutils2.LazyDynaBean.get(String,String)
org.apache.commons.beanutils2.LazyDynaMapTestCase.testSimplePropertyRestricted()	org.apache.commons.beanutils2.LazyDynaMap.set(String,Object)
org.apache.commons.beanutils2.PropertyUtilsBean.setSimpleProperty(Object,String,Object)	org.apache.commons.beanutils2.DynaClass.getDynaProperty(String)
org.apache.commons.beanutils2.PropertyUtilsTestCase.testNestedWithIndex()	org.apache.commons.beanutils2.NestedTestBean.getName()
org.apache.commons.beanutils2.locale.LocaleBeanificationTestCase.GetBeanUtilsBeanThread.run()	org.apache.commons.beanutils2.locale.LocaleBeanificationTestCase.Signal.setBean(LocaleBeanUtilsBean)
org.apache.commons.beanutils2.LazyDynaMapTestCase.testSimplePropertyRestricted()	org.apache.commons.beanutils2.LazyDynaMap.isRestricted()
org.apache.commons.beanutils2.BeanPropertyValueChangeConsumerTestCase.testExecuteWithWriteOnlyProperty()	org.apache.commons.beanutils2.BeanPropertyValueChangeConsumer.accept(Object)
org.apache.commons.beanutils2.BeanUtilsTestCase.testCopyPropertiesStandard()	org.apache.commons.beanutils2.TestBean.setIntArray(int[])
org.apache.commons.beanutils2.locale.LocaleBeanificationTestCase.testContextClassloaderIndependence()	org.apache.commons.beanutils2.locale.LocaleBeanificationTestCase.Signal.getException()
org.apache.commons.beanutils2.BeanUtils2TestCase.testCopyPropertyConvertToStringArray()	org.apache.commons.beanutils2.TestBean.getStringArray()
org.apache.commons.beanutils2.LazyDynaList.add(Object)	org.apache.commons.beanutils2.LazyDynaList.transform(Object)
org.apache.commons.beanutils2.BeanUtilsTestCase.testGetIndexedProperty1()	org.apache.commons.beanutils2.TestBean.getStringIndexed(int)
org.apache.commons.beanutils2.locale.LocaleBeanUtilsBean.setDefaultLocale(Locale)	org.apache.commons.beanutils2.locale.LocaleConvertUtilsBean.setDefaultLocale(Locale)
org.apache.commons.beanutils2.LazyDynaListTestCase.testSerializationLazyDynaBean()	org.apache.commons.beanutils2.LazyDynaBean.set(String,Object)
org.apache.commons.beanutils2.MappedPropertyDescriptor.MappedMethodReference.get()	org.apache.commons.beanutils2.MappedPropertyDescriptor.MappedMethodReference.reLoadClass(String)
org.apache.commons.beanutils2.locale.LocaleBeanificationTestCase.GetBeanUtilsBeanThread.run()	org.apache.commons.beanutils2.locale.LocaleConvertUtilsBean.getInstance()
org.apache.commons.beanutils2.locale.LocaleBeanUtils.getNestedProperty(Object,String)	org.apache.commons.beanutils2.locale.LocaleBeanUtilsBean.getNestedProperty(Object,String)
org.apache.commons.beanutils2.BeanUtilsBean.getMappedProperty(Object,String)	org.apache.commons.beanutils2.ConvertUtilsBean.convert(Object)
org.apache.commons.beanutils2.converters.MonthDayConverterTestCase.testSimpleConversion()	org.apache.commons.beanutils2.Converter.convert(Class<T>,Object)
org.apache.commons.beanutils2.locale.LocaleConvertUtilsTestCase.testObjectToStringScalar()	org.apache.commons.beanutils2.locale.LocaleConvertUtils.convert(Object)
org.apache.commons.beanutils2.LazyDynaList.toDynaBeanArray()	org.apache.commons.beanutils2.LazyDynaList.get(int)
org.apache.commons.beanutils2.converters.DateTimeConverter.toDate(Class<T>,String)	org.apache.commons.beanutils2.converters.AbstractConverter.toString(Class<?>)
org.apache.commons.beanutils2.PropertyUtilsBean.getMappedPropertyDescriptors(Class<?>)	org.apache.commons.beanutils2.WeakFastHashMap.get(Object)
org.apache.commons.beanutils2.BeanUtilsTestCase.testSeparateInstances()	org.apache.commons.beanutils2.BeanUtilsBean.setProperty(Object,String,Object)
org.apache.commons.beanutils2.MappedPropertyTestCase.testInvalidGetter()	org.apache.commons.beanutils2.MappedPropertyDescriptor.getMappedReadMethod()
org.apache.commons.beanutils2.locale.LocaleBeanificationTestCase.testContextClassLoaderUnset()	org.apache.commons.beanutils2.ContextClassLoaderLocal.set(T)
org.apache.commons.beanutils2.PropertyUtilsTestCase.testMapExtensionDefault()	org.apache.commons.beanutils2.ExtendMapBean.setUnusuallyNamedProperty(String)
org.apache.commons.beanutils2.LazyDynaMapTestCase.testIndexedDynaBeanArray()	org.apache.commons.beanutils2.LazyDynaBean.set(String,Object)
org.apache.commons.beanutils2.locale.LocaleBeanUtils.setApplyLocalized(boolean)	org.apache.commons.beanutils2.locale.LocaleBeanUtilsBean.getLocaleBeanUtilsInstance()
org.apache.commons.beanutils2.MethodUtils.getTotalTransformationCost(Class<?>,Class<?>)	org.apache.commons.beanutils2.MethodUtils.getObjectTransformationCost(Class<?>,Class<?>)
org.apache.commons.beanutils2.WeakFastHashMap.CollectionView.remove(Object)	org.apache.commons.beanutils2.WeakFastHashMap.cloneMap(Map<? extends K, ? extends V>)
org.apache.commons.beanutils2.LazyDynaBean.get(String,int)	org.apache.commons.beanutils2.LazyDynaBean.growIndexedProperty(String,Object,int)
org.apache.commons.beanutils2.locale.LocaleConvertUtils.deregister(Locale)	org.apache.commons.beanutils2.locale.LocaleConvertUtilsBean.getInstance()
org.apache.commons.beanutils2.BeanUtilsTestCase.testCopyPropertiesMap()	org.apache.commons.beanutils2.TestBean.getBooleanProperty()
org.apache.commons.beanutils2.converters.ZoneOffsetConverterTestCase.testUnsupportedType()	org.apache.commons.beanutils2.Converter.convert(Class<T>,Object)
org.apache.commons.beanutils2.converters.ArrayConverterTestCase.testUnderscore_BEANUTILS_302()	org.apache.commons.beanutils2.converters.ArrayConverter.setAllowedChars(char[])
org.apache.commons.beanutils2.BeanUtilsBean.getProperty(Object,String)	org.apache.commons.beanutils2.BeanUtilsBean.getNestedProperty(Object,String)
org.apache.commons.beanutils2.PropertyUtilsTestCase.testGetWriteMethodPackageSubclass()	org.apache.commons.beanutils2.PropertyUtilsTestCase.testGetWriteMethod(Object,String[],String)
org.apache.commons.beanutils2.PropertyUtilsTestCase.testSetIndexedArguments()	org.apache.commons.beanutils2.PropertyUtils.setIndexedProperty(Object,String,int,Object)
org.apache.commons.beanutils2.BaseDynaBeanMapDecorator.containsKey(Object)	org.apache.commons.beanutils2.DynaClass.getDynaProperty(String)
org.apache.commons.beanutils2.PropertyUtilsTestCase.testSetNestedFloat()	org.apache.commons.beanutils2.TestBean.getNested()
org.apache.commons.beanutils2.PropertyUtilsTestCase.testExceptionFromInvoke()	org.apache.commons.beanutils2.PropertyUtils.setSimpleProperty(Object,String,Object)
org.apache.commons.beanutils2.LazyDynaClassTestCase.testGetPropertyDoesntExist2()	org.apache.commons.beanutils2.LazyDynaClass.setReturnNull(boolean)
org.apache.commons.beanutils2.PropertyUtilsTestCase.testGetMappedSlashes()	org.apache.commons.beanutils2.PropertyUtils.getMappedProperty(Object,String,String)
org.apache.commons.beanutils2.PropertyUtilsTestCase.testSetNestedInt()	org.apache.commons.beanutils2.PropertyUtils.setNestedProperty(Object,String,Object)
org.apache.commons.beanutils2.ConstructorUtilsTestCase.testInvokeExactConstructor()	org.apache.commons.beanutils2.ConstructorUtils.invokeExactConstructor(Class<T>,Object)
org.apache.commons.beanutils2.locale.LocaleBeanificationTestCase.testBeanUtilsBeanSetInstance()	org.apache.commons.beanutils2.locale.LocaleBeanificationTestCase.Signal.getSignal()
org.apache.commons.beanutils2.converters.DateConverterTestBase.testConvertNull()	org.apache.commons.beanutils2.converters.AbstractConverter.convert(Class<T>,Object)
org.apache.commons.beanutils2.BeanPredicateTestCase.testNotEqual()	org.apache.commons.beanutils2.BeanPredicate.test(Object)
org.apache.commons.beanutils2.LazyDynaMapTestCase.testIndexedLinkedList()	org.apache.commons.beanutils2.LazyDynaBean.get(String,int)
org.apache.commons.beanutils2.PropertyUtilsTestCase.testSetPublicSubBean_of_PackageBean()	org.apache.commons.beanutils2.priv.PublicSubBean.setFoo(String)
org.apache.commons.beanutils2.BasicDynaBeanTestCase.testGetSimpleInt()	org.apache.commons.beanutils2.DynaBean.get(String)
org.apache.commons.beanutils2.locale.BaseLocaleConverter.convert(Object,String)	org.apache.commons.beanutils2.locale.BaseLocaleConverter.convert(Class<T>,Object,String)
org.apache.commons.beanutils2.DynaBeanUtilsTestCase.setUp()	org.apache.commons.beanutils2.ConvertUtils.deregister()
org.apache.commons.beanutils2.converters.NumberConverterTestBase.testInvalidException()	org.apache.commons.beanutils2.converters.AbstractConverter.convert(Class<T>,Object)
org.apache.commons.beanutils2.DynaPropertyUtilsTestCase.testSetSimpleInt()	org.apache.commons.beanutils2.PropertyUtils.setSimpleProperty(Object,String,Object)
org.apache.commons.beanutils2.LazyDynaMapTestCase.testIndexedDynaBeanArray()	org.apache.commons.beanutils2.LazyDynaMap.add(String,Class<?>)
org.apache.commons.beanutils2.bugs.Jira357TestCase.testPropertyUtils_getPropertyDescriptors_InnerClassProperty()	org.apache.commons.beanutils2.bugs.Jira357TestCase.checkReadMethod(String,Class<?>)
org.apache.commons.beanutils2.LazyDynaMapTestCase.testMappedInvalidType()	org.apache.commons.beanutils2.LazyDynaMap.getDynaProperty(String)
org.apache.commons.beanutils2.BasicDynaBean.set(String,Object)	org.apache.commons.beanutils2.DynaProperty.getType()
org.apache.commons.beanutils2.locale.LocaleBeanificationTestCase.testMemoryLeak()	org.apache.commons.beanutils2.BeanUtilsTestCase.isPre14JVM()
org.apache.commons.beanutils2.locale.LocaleConvertUtils.getApplyLocalized()	org.apache.commons.beanutils2.locale.LocaleConvertUtilsBean.getApplyLocalized()
org.apache.commons.beanutils2.LazyDynaMap.add(DynaProperty)	org.apache.commons.beanutils2.LazyDynaMap.add(String,Class<?>)
org.apache.commons.beanutils2.bugs.Jira345TestCase.testBeanUtilsSetProperty_2DArray()	org.apache.commons.beanutils2.BeanUtils.setProperty(Object,String,Object)
org.apache.commons.beanutils2.LazyDynaListTestCase.testToArrayOtherType()	org.apache.commons.beanutils2.LazyDynaList.add(Object)
org.apache.commons.beanutils2.BeanUtils.populate(Object,Map<String, Object>)	org.apache.commons.beanutils2.BeanUtilsBean.getInstance()
org.apache.commons.beanutils2.bugs.Jira369TestCase.main(String[])	org.apache.commons.beanutils2.bugs.Jira369TestCase.suite()
org.apache.commons.beanutils2.LazyDynaBean.get(String,int)	org.apache.commons.beanutils2.LazyDynaBean.isDynaProperty(String)
org.apache.commons.beanutils2.IndexedPropertyTestCase.testArrayListReadMethod()	org.apache.commons.beanutils2.PropertyUtilsBean.getPropertyDescriptor(Object,String)
org.apache.commons.beanutils2.BasicDynaBeanTestCase.testSerialization()	org.apache.commons.beanutils2.BasicDynaBeanTestCase.testMappedContains()
org.apache.commons.beanutils2.IndexedPropertyTestCase.testGetArrayItemA()	org.apache.commons.beanutils2.BeanUtilsBean.getProperty(Object,String)
org.apache.commons.beanutils2.converters.BooleanConverterTestCase.testPrimitiveTargetClass()	org.apache.commons.beanutils2.converters.AbstractConverter.convert(Class<T>,Object)
org.apache.commons.beanutils2.LazyDynaClass.add(DynaProperty)	org.apache.commons.beanutils2.BasicDynaClass.setProperties(DynaProperty[])
org.apache.commons.beanutils2.BeanPropertyValueChangeConsumerTestCase.testExecuteWithReadOnlyProperty()	org.apache.commons.beanutils2.BeanPropertyValueChangeConsumer.accept(Object)
org.apache.commons.beanutils2.locale.LocaleConvertUtilsTestCase.fixmetestPositiveStringArray()	org.apache.commons.beanutils2.locale.LocaleConvertUtilsTestCase.checkStringArray(Object,String[])
org.apache.commons.beanutils2.bugs.Jira359TestCase.testBeanUtilsSetProperty_CustomConvertStringToArray_WithColonValue()	org.apache.commons.beanutils2.bugs.Jira359TestCase.SimplePojoData.getJcrMixinTypes()
org.apache.commons.beanutils2.DynaPropertyUtilsTestCase.testSetIndexedArguments()	org.apache.commons.beanutils2.PropertyUtils.setIndexedProperty(Object,String,Object)
org.apache.commons.beanutils2.PropertyUtilsTestCase.testSetNoGetter()	org.apache.commons.beanutils2.PropertyUtils.setMappedProperty(Object,String,String,Object)
org.apache.commons.beanutils2.ConstructorUtilsTestCase.testInvokeExactConstructorWithArgArray()	org.apache.commons.beanutils2.ConstructorUtils.invokeExactConstructor(Class<T>,Object[])
org.apache.commons.beanutils2.IndexedPropertyTestCase.testArrayListIndexedPropertyDescriptor()	org.apache.commons.beanutils2.bugs.other.Jira492IndexedListsSupport.supportsIndexedLists()
org.apache.commons.beanutils2.memoryleaktests.MemoryLeakTestCase.testConvertUtilsBean_converters_memoryLeak()	org.apache.commons.beanutils2.memoryleaktests.MemoryLeakTestCase.newClassLoader()
org.apache.commons.beanutils2.PropertyUtilsTestCase.testGetNestedString()	org.apache.commons.beanutils2.PropertyUtils.getNestedProperty(Object,String)
org.apache.commons.beanutils2.TestResultSet.invoke(Object,Method,Object[])	org.apache.commons.beanutils2.TestResultSet.getTimestamp(String)
org.apache.commons.beanutils2.converters.ZoneOffsetConverter.convertToType(Class<T>,Object)	org.apache.commons.beanutils2.converters.AbstractConverter.conversionException(Class<?>,Object)
org.apache.commons.beanutils2.PropertyUtilsTestCase.setUp()	org.apache.commons.beanutils2.TestBean.setNestedDynaBean(DynaBean)
org.apache.commons.beanutils2.BeanUtilsTestCase.testCopyPropertyNestedIndexedArray()	org.apache.commons.beanutils2.TestBean.getIntArray()
org.apache.commons.beanutils2.BeanPropertyValueChangeConsumerTestCase.testExecuteWithNestedProperty()	org.apache.commons.beanutils2.BeanPropertyValueChangeConsumer.accept(Object)
org.apache.commons.beanutils2.BeanUtilsTestCase.testSetPropertyNullValues()	org.apache.commons.beanutils2.PropertyUtils.setProperty(Object,String,Object)
org.apache.commons.beanutils2.FluentPropertyBeanIntrospectorTestCase.testIntrospectionCaps()	org.apache.commons.beanutils2.PropertyUtilsBean.getPropertyDescriptors(Class<?>)
org.apache.commons.beanutils2.DynaBeanUtilsTestCase.testGetNestedProperty()	org.apache.commons.beanutils2.BeanUtils.getNestedProperty(Object,String)
org.apache.commons.beanutils2.BeanUtilsTestCase.testCopyPropertiesMap()	org.apache.commons.beanutils2.TestBean.getIntProperty()
org.apache.commons.beanutils2.converters.BooleanConverterTestCase.testCaseInsensitivity()	org.apache.commons.beanutils2.converters.BooleanConverterTestCase.testConversionValues(AbstractConverter,String[],String[])
org.apache.commons.beanutils2.locale.LocaleConvertUtils.lookup(Class<?>,Locale)	org.apache.commons.beanutils2.locale.LocaleConvertUtilsBean.lookup(Class<?>,Locale)
org.apache.commons.beanutils2.LazyDynaBeanTestCase.testMappedPropertyUtils()	org.apache.commons.beanutils2.LazyDynaBean.get(String,String)
org.apache.commons.beanutils2.MethodUtils.invokeExactMethod(Object,String,Object[],Class<?>)	org.apache.commons.beanutils2.MethodUtils.getAccessibleMethod(Class<?>,String,Class<?>)
org.apache.commons.beanutils2.PropertyUtils.copyProperties(Object,Object)	org.apache.commons.beanutils2.PropertyUtilsBean.getInstance()
org.apache.commons.beanutils2.BasicDynaBeanTestCase.testGetDescriptorArguments()	org.apache.commons.beanutils2.DynaBean.getDynaClass()
org.apache.commons.beanutils2.PropertyUtils.getPropertyDescriptor(Object,String)	org.apache.commons.beanutils2.PropertyUtilsBean.getPropertyDescriptor(Object,String)
org.apache.commons.beanutils2.LazyDynaBeanTestCase.testMappedInvalidType()	org.apache.commons.beanutils2.LazyDynaClass.getDynaProperty(String)
org.apache.commons.beanutils2.BeanPropertyValueChangeConsumerTestCase.testExecuteWithSimpleDoublePropertyAndIntegerValue()	org.apache.commons.beanutils2.BeanPropertyValueChangeConsumer.accept(Object)
org.apache.commons.beanutils2.BaseDynaBeanMapDecorator.entrySet()	org.apache.commons.beanutils2.BaseDynaBeanMapDecorator.getDynaBean()
org.apache.commons.beanutils2.LazyDynaMapTestCase.testNewInstance()	org.apache.commons.beanutils2.LazyDynaMap.newInstance()
org.apache.commons.beanutils2.DynaBeanUtilsTestCase.testCopyPropertyNestedIndexedArray()	org.apache.commons.beanutils2.BeanUtils.copyProperty(Object,String,Object)
org.apache.commons.beanutils2.IndexedPropertyTestCase.testSetArrayItemA()	org.apache.commons.beanutils2.BeanUtilsBean.setProperty(Object,String,Object)
org.apache.commons.beanutils2.converters.NumberConverterTestBase.testStringToNumberDefault()	org.apache.commons.beanutils2.converters.NumberConverter.setUseLocaleFormat(boolean)
org.apache.commons.beanutils2.PropertyUtilsTestCase.testGetWriteMethod(Object,String[],String)	org.apache.commons.beanutils2.PropertyUtils.getWriteMethod(PropertyDescriptor)
org.apache.commons.beanutils2.converters.DateTimeConverter.convertToType(Class<T>,Object)	org.apache.commons.beanutils2.converters.DateTimeConverter.parse(Class<?>,Class<?>,String)
org.apache.commons.beanutils2.bugs.Jira61TestCase.testIssue_BEANUTILS_61_BeanUtils_copyProperties_from_WrapDynaBean()	org.apache.commons.beanutils2.bugs.other.Jira61BeanFactory.createBean()
org.apache.commons.beanutils2.PropertyUtilsBean.isWriteable(Object,String)	org.apache.commons.beanutils2.PropertyUtilsBean.getProperty(Object,String)
org.apache.commons.beanutils2.PropertyUtilsBean.getIndexedProperty(Object,String,int)	org.apache.commons.beanutils2.PropertyUtilsBean.getReadMethod(Class<?>,PropertyDescriptor)
org.apache.commons.beanutils2.locale.LocaleBeanificationTestCase.testMemoryLeak()	org.apache.commons.beanutils2.locale.LocaleConvertUtilsBean.getInstance()
org.apache.commons.beanutils2.PropertyUtilsTestCase.testGetMappedPeriods()	org.apache.commons.beanutils2.PropertyUtils.getMappedProperty(Object,String,String)
org.apache.commons.beanutils2.LazyDynaBeanTestCase.testIndexedLinkedList()	org.apache.commons.beanutils2.LazyDynaClass.getDynaProperty(String)
org.apache.commons.beanutils2.LazyDynaBean.set(String,int,Object)	org.apache.commons.beanutils2.LazyDynaBean.growIndexedProperty(String,Object,int)
org.apache.commons.beanutils2.LazyDynaListTestCase.testSerializationLazyDynaBean()	org.apache.commons.beanutils2.LazyDynaBean.get(String)
org.apache.commons.beanutils2.BeanToPropertyValueTransformerTestCase.testTransformWithNestedIndexedProperty()	org.apache.commons.beanutils2.TestBean.setIntIndexed(int,int)
org.apache.commons.beanutils2.BeanUtilsTestCase.testCopyPropertiesMap()	org.apache.commons.beanutils2.BeanUtils.copyProperties(Object,Object)
org.apache.commons.beanutils2.BeanIntrospectionData.getDescriptor(String)	org.apache.commons.beanutils2.BeanIntrospectionData.getDescriptors()
org.apache.commons.beanutils2.BeanPropertyValueChangeConsumerTestCase.testExecuteWithSimpleFloatPropertyAndIntegerValue()	org.apache.commons.beanutils2.TestBean.getFloatProperty()
org.apache.commons.beanutils2.BeanificationTestCase.testBeanUtilsBeanSetInstance()	org.apache.commons.beanutils2.BeanUtilsBean.getInstance()
org.apache.commons.beanutils2.MappedPropertyTestCase.testInterfaceMapped()	org.apache.commons.beanutils2.MappedPropertyDescriptor.getMappedWriteMethod()
org.apache.commons.beanutils2.PropertyUtilsTestCase.testGetSimpleWriteOnly()	org.apache.commons.beanutils2.PropertyUtils.getSimpleProperty(Object,String)
org.apache.commons.beanutils2.BeanUtilsBean.copyProperty(Object,String,Object)	org.apache.commons.beanutils2.PropertyUtilsBean.setIndexedProperty(Object,String,int,Object)
org.apache.commons.beanutils2.locale.LocaleBeanUtilsBean.setProperty(Object,String,Object,String)	org.apache.commons.beanutils2.expression.Resolver.hasNested(String)
org.apache.commons.beanutils2.LazyDynaMapTestCase.testNewInstance()	org.apache.commons.beanutils2.LazyDynaBean.get(String)
org.apache.commons.beanutils2.RowSetDynaClass.copy(ResultSet)	org.apache.commons.beanutils2.JDBCDynaClass.getObject(ResultSet,String)
org.apache.commons.beanutils2.locale.LocaleBeanUtilsBean.getMappedProperty(Object,String,String,String)	org.apache.commons.beanutils2.PropertyUtilsBean.getMappedProperty(Object,String,String)
org.apache.commons.beanutils2.MappedPropertyDescriptor.getMethod(Class<?>,String,int)	org.apache.commons.beanutils2.MappedPropertyDescriptor.internalGetMethod(Class<?>,String,int)
org.apache.commons.beanutils2.LazyDynaBean.get(String)	org.apache.commons.beanutils2.LazyDynaBean.set(String,Object)
org.apache.commons.beanutils2.locale.LocaleConvertUtilsBean.deregister()	org.apache.commons.beanutils2.locale.LocaleConvertUtilsBean.lookup(Locale)
org.apache.commons.beanutils2.converters.DateConverterTestBase.testStringConversion()	org.apache.commons.beanutils2.converters.DateConverterTestBase.makeConverter()
org.apache.commons.beanutils2.converters.DateConverterTestBase.testPatternDefault()	org.apache.commons.beanutils2.converters.DateConverterTestBase.validConversion(Converter,Object,Object)
org.apache.commons.beanutils2.locale.LocaleConvertUtilsBean.convert(Object,Locale,String)	org.apache.commons.beanutils2.locale.LocaleConvertUtilsBean.lookup(Class<?>,Locale)
org.apache.commons.beanutils2.BeanUtils.getSimpleProperty(Object,String)	org.apache.commons.beanutils2.BeanUtilsBean.getSimpleProperty(Object,String)
org.apache.commons.beanutils2.LazyDynaClass.remove(String)	org.apache.commons.beanutils2.LazyDynaClass.isRestricted()
org.apache.commons.beanutils2.DynaBeanUtilsTestCase.testPopulateNested()	org.apache.commons.beanutils2.BeanUtils.populate(Object,Map<String, Object>)
org.apache.commons.beanutils2.DynaProperty.readObject(ObjectInputStream)	org.apache.commons.beanutils2.DynaProperty.readAnyClass(ObjectInputStream)
org.apache.commons.beanutils2.PropertyUtilsTestCase.testMapExtensionDefault()	org.apache.commons.beanutils2.PropertyUtils.setProperty(Object,String,Object)
org.apache.commons.beanutils2.DynaPropertyUtilsTestCase.testGetMappedArguments()	org.apache.commons.beanutils2.PropertyUtils.getMappedProperty(Object,String,String)
org.apache.commons.beanutils2.DynaPropertyUtilsTestCase.testGetIndexedValues()	org.apache.commons.beanutils2.PropertyUtils.getIndexedProperty(Object,String,int)
org.apache.commons.beanutils2.priv.PrivateBeanSubclass.getBar()	org.apache.commons.beanutils2.priv.PrivateBean.getBar()
org.apache.commons.beanutils2.BeanPropertyValueEqualsPredicateTestCase.testEvaluateWithNestedProperty()	org.apache.commons.beanutils2.TestBean.setAnotherNested(TestBean)
org.apache.commons.beanutils2.BeanUtilsBenchCase.testCopyPropertiesBean()	org.apache.commons.beanutils2.BeanUtilsBean.copyProperties(Object,Object)
org.apache.commons.beanutils2.DynaPropertyUtilsTestCase.testSetSimpleDouble()	org.apache.commons.beanutils2.DynaBean.get(String)
org.apache.commons.beanutils2.WrapDynaBean.getPropertyUtils()	org.apache.commons.beanutils2.PropertyUtilsBean.getInstance()
org.apache.commons.beanutils2.memoryleaktests.MemoryLeakTestCase.testPropertyUtilsBean_descriptorsCache_memoryLeak()	org.apache.commons.beanutils2.memoryleaktests.MemoryLeakTestCase.forceGarbageCollection()
org.apache.commons.beanutils2.ConstructorUtils.invokeConstructor(Class<T>,Object)	org.apache.commons.beanutils2.ConstructorUtils.invokeConstructor(Class<T>,Object[])
org.apache.commons.beanutils2.LazyDynaBeanTestCase.testMappedPropertyTreeMap()	org.apache.commons.beanutils2.DynaProperty.getType()
org.apache.commons.beanutils2.locale.LocaleConvertUtils.convert(Object)	org.apache.commons.beanutils2.locale.LocaleConvertUtilsBean.convert(Object)
org.apache.commons.beanutils2.ConvertUtilsTestCase.testPositiveStringArray()	org.apache.commons.beanutils2.ConvertUtilsTestCase.checkStringArray(Object,String[])
org.apache.commons.beanutils2.converters.ArrayConverterTestCase.testStringArrayToNumber()	org.apache.commons.beanutils2.converters.ArrayConverterTestCase.checkArray(String,Object,Object)
org.apache.commons.beanutils2.bugs.Jira492TestCase.getArrayProperty()	org.apache.commons.beanutils2.BeanUtilsBean.getArrayProperty(Object,String)
org.apache.commons.beanutils2.locale.LocaleBeanUtilsBean.getMappedPropertyLocale(Object,String,String)	org.apache.commons.beanutils2.locale.LocaleBeanUtilsBean.getLocaleConvertUtils()
org.apache.commons.beanutils2.locale.LocaleBeanUtilsBean.getSimpleProperty(Object,String,String)	org.apache.commons.beanutils2.locale.LocaleBeanUtilsBean.getLocaleConvertUtils()
org.apache.commons.beanutils2.PropertyUtilsBean.copyProperties(Object,Object)	org.apache.commons.beanutils2.DynaBean.getDynaClass()
org.apache.commons.beanutils2.DefaultIntrospectionContextTestCase.testAddPropertyDescriptors()	org.apache.commons.beanutils2.DefaultIntrospectionContext.addPropertyDescriptor(PropertyDescriptor)
org.apache.commons.beanutils2.ConstructorUtils.invokeExactConstructor(Class<T>,Object)	org.apache.commons.beanutils2.ConstructorUtils.invokeExactConstructor(Class<T>,Object[])
org.apache.commons.beanutils2.BeanUtilsTestCase.testCopyPropertyShort()	org.apache.commons.beanutils2.TestBean.getShortProperty()
org.apache.commons.beanutils2.BeanPropertyValueEqualsPredicateTestCase.testEvaluateWithByteProperty()	org.apache.commons.beanutils2.BeanPropertyValueEqualsPredicate.test(T)
org.apache.commons.beanutils2.converters.AbstractConverter.convert(Class<T>,Object)	org.apache.commons.beanutils2.converters.AbstractConverter.convertToDefaultType(Object)
org.apache.commons.beanutils2.MethodUtilsTestCase.testInvokeMethod()	org.apache.commons.beanutils2.MethodUtils.invokeMethod(Object,String,Object)
org.apache.commons.beanutils2.BeanUtils.getArrayProperty(Object,String)	org.apache.commons.beanutils2.BeanUtilsBean.getArrayProperty(Object,String)
org.apache.commons.beanutils2.locale.LocaleBeanificationTestCase.testContextClassloaderIndependence()	org.apache.commons.beanutils2.locale.LocaleConvertUtils.register(LocaleConverter,Class<?>,Locale)
org.apache.commons.beanutils2.locale.LocaleConvertUtils.convert(String[],Class<?>)	org.apache.commons.beanutils2.locale.LocaleConvertUtilsBean.getInstance()
org.apache.commons.beanutils2.bugs.Jira298TestCase.testIssue_BEANUTILS_298_MethodUtils_getAccessibleMethod()	org.apache.commons.beanutils2.bugs.other.Jira298BeanFactory.createImplX()
org.apache.commons.beanutils2.PropertyUtilsTestCase.testGetSimpleUnknown()	org.apache.commons.beanutils2.PropertyUtils.getSimpleProperty(Object,String)
org.apache.commons.beanutils2.LazyDynaBeanTestCase.testMappedPropertyRestricted()	org.apache.commons.beanutils2.LazyDynaClass.isRestricted()
org.apache.commons.beanutils2.PropertyUtilsTestCase.testSetSimpleInt()	org.apache.commons.beanutils2.TestBean.getIntProperty()
org.apache.commons.beanutils2.DynaPropertyUtilsTestCase.testSetMappedValues()	org.apache.commons.beanutils2.PropertyUtils.setNestedProperty(Object,String,Object)
org.apache.commons.beanutils2.MethodUtilsTestCase.testGetAccessibleMethodIndirectInterface()	org.apache.commons.beanutils2.MethodUtils.getAccessibleMethod(Class<?>,String,Class<?>)
org.apache.commons.beanutils2.BeanIntrospectionDataTestCase.testGetWriteMethodNonExisting()	org.apache.commons.beanutils2.BeanIntrospectionData.getWriteMethod(Class<?>,PropertyDescriptor)
org.apache.commons.beanutils2.expression.DefaultResolverTestCase.testRemove()	org.apache.commons.beanutils2.expression.DefaultResolverTestCase.label(String,int)
org.apache.commons.beanutils2.LazyDynaListTestCase.dynaBeanTest(LazyDynaList,Class<?>,DynaClass,Object)	org.apache.commons.beanutils2.LazyDynaListTestCase.findStringProperty(DynaClass)
org.apache.commons.beanutils2.BeanMap.createWriteMethodArguments(Method,Object)	org.apache.commons.beanutils2.BeanMap.logInfo(Exception)
org.apache.commons.beanutils2.BeanComparatorTestCase.testSetProperty()	org.apache.commons.beanutils2.BeanComparator.setProperty(String)
org.apache.commons.beanutils2.bugs.Jira61TestCase.testIssue_BEANUTILS_61_PropertyUtils_setProperty_Mapped()	org.apache.commons.beanutils2.PropertyUtils.setProperty(Object,String,Object)
org.apache.commons.beanutils2.PropertyUtilsBean.setNestedProperty(Object,String,Object)	org.apache.commons.beanutils2.expression.Resolver.isIndexed(String)
org.apache.commons.beanutils2.bugs.Jira61TestCase.testIssue_BEANUTILS_61_PropertyUtils_isReadable_Indexed()	org.apache.commons.beanutils2.PropertyUtils.isReadable(Object,String)
org.apache.commons.beanutils2.DynaPropertyUtilsTestCase.testGetIndexedValues()	org.apache.commons.beanutils2.PropertyUtils.getIndexedProperty(Object,String)
org.apache.commons.beanutils2.PropertyUtilsTestCase.testCustomIntrospection()	org.apache.commons.beanutils2.IntrospectionContext.propertyNames()
org.apache.commons.beanutils2.PropertyUtilsTestCase.testResetBeanIntrospectors()	org.apache.commons.beanutils2.PropertyUtils.getPropertyDescriptors(Class<?>)
org.apache.commons.beanutils2.PropertyUtilsBean.isWriteable(Object,String)	org.apache.commons.beanutils2.MappedPropertyDescriptor.getMappedWriteMethod()
org.apache.commons.beanutils2.PropertyUtilsTestCase.testCustomIntrospection()	org.apache.commons.beanutils2.PropertyUtils.addBeanIntrospector(BeanIntrospector)
org.apache.commons.beanutils2.DynaResultSetTestCase.testGetDynaProperties()	org.apache.commons.beanutils2.JDBCDynaClass.getDynaProperties()
org.apache.commons.beanutils2.locale.LocaleConvertUtilsTestCase.fixmetestNegativeStringArray()	org.apache.commons.beanutils2.locale.LocaleConvertUtilsTestCase.checkStringArray(Object,String[])
org.apache.commons.beanutils2.PropertyUtilsTestCase.testSetNestedLong()	org.apache.commons.beanutils2.TestBean.getNested()
org.apache.commons.beanutils2.IndexedPropertyTestCase.testSetArrayList()	org.apache.commons.beanutils2.IndexedTestBean.getArrayList()
org.apache.commons.beanutils2.locale.LocaleBeanUtilsBean.setProperty(Object,String,Object,String)	org.apache.commons.beanutils2.locale.LocaleBeanUtilsBean.convert(Class<?>,int,Object,String)
org.apache.commons.beanutils2.BeanMap.putAllWriteable(BeanMap)	org.apache.commons.beanutils2.BeanMap.getWriteMethod(String)
org.apache.commons.beanutils2.DynaPropertyUtilsTestCase.testGetMappedSlashes()	org.apache.commons.beanutils2.PropertyUtils.getMappedProperty(Object,String,String)
org.apache.commons.beanutils2.converters.NumberConverter.convertToType(Class<T>,Object)	org.apache.commons.beanutils2.converters.AbstractConverter.handleMissing(Class<T>)
org.apache.commons.beanutils2.converters.ArrayConverterTestCase.testComponentIntegerConverter()	org.apache.commons.beanutils2.converters.ArrayConverter.setAllowedChars(char[])
org.apache.commons.beanutils2.PropertyUtilsTestCase.testSetNestedReadOnly()	org.apache.commons.beanutils2.TestBean.getNested()
org.apache.commons.beanutils2.PropertyUtilsTestCase.testSetSimpleBoolean()	org.apache.commons.beanutils2.TestBean.getBooleanProperty()
org.apache.commons.beanutils2.PropertyUtils.getPropertyDescriptors(Class<?>)	org.apache.commons.beanutils2.PropertyUtilsBean.getInstance()
org.apache.commons.beanutils2.LazyDynaList.setElementDynaClass(DynaClass)	org.apache.commons.beanutils2.DynaClass.newInstance()
org.apache.commons.beanutils2.BasicDynaBeanTestCase.testSetSimpleString()	org.apache.commons.beanutils2.DynaBean.get(String)
org.apache.commons.beanutils2.locale.LocaleBeanificationTestCase.testContextClassLoaderLocal()	org.apache.commons.beanutils2.locale.LocaleBeanificationTestCase.Signal.getSignal()
org.apache.commons.beanutils2.converters.ClassConverter.convertToType(Class<T>,Object)	org.apache.commons.beanutils2.converters.AbstractConverter.conversionException(Class<?>,Object)
org.apache.commons.beanutils2.WrapDynaBeanTestCase.testGetWrapDynaClassFromCacheWithPropUtils()	org.apache.commons.beanutils2.WrapDynaClass.createDynaClass(Class<?>)
org.apache.commons.beanutils2.memoryleaktests.MemoryLeakTestCase.clearAllBeanUtilsCaches()	org.apache.commons.beanutils2.locale.LocaleBeanUtilsBean.getLocaleBeanUtilsInstance()
org.apache.commons.beanutils2.MethodUtils.getMatchingAccessibleMethod(Class<?>,String,Class<?>)	org.apache.commons.beanutils2.MethodUtils.getTotalTransformationCost(Class<?>,Class<?>)
org.apache.commons.beanutils2.TestResultSetMetaData.getColumnType(int)	org.apache.commons.beanutils2.TestResultSetMetaData.getColumnName(int)
org.apache.commons.beanutils2.converters.AbstractConverter.convert(Class<T>,Object)	org.apache.commons.beanutils2.ConvertUtils.primitiveToWrapper(Class<T>)
org.apache.commons.beanutils2.BeanIntrospectionDataTestCase.setUpData()	org.apache.commons.beanutils2.BeanIntrospectionDataTestCase.fetchDescriptors()
org.apache.commons.beanutils2.bugs.Jira369TestCase.testBeanUtilsGetProperty_ARatedCd()	org.apache.commons.beanutils2.BeanUtils.getProperty(Object,String)
org.apache.commons.beanutils2.DynaBeanUtilsTestCase.testCopyPropertyLong()	org.apache.commons.beanutils2.BeanUtils.setProperty(Object,String,Object)
org.apache.commons.beanutils2.LazyDynaBean.set(String,int,Object)	org.apache.commons.beanutils2.LazyDynaBean.isDynaProperty(String)
org.apache.commons.beanutils2.MethodUtils.getObjectTransformationCost(Class<?>,Class<?>)	org.apache.commons.beanutils2.MethodUtils.getPrimitiveWrapper(Class<?>)
org.apache.commons.beanutils2.memoryleaktests.MemoryLeakTestCase.testConvertUtilsBean_converters_memoryLeak()	org.apache.commons.beanutils2.ConvertUtils.convert(Object,Class<?>)
org.apache.commons.beanutils2.locale.LocaleBeanUtilsBean.getIndexedProperty(Object,String,int,String)	org.apache.commons.beanutils2.PropertyUtilsBean.getIndexedProperty(Object,String,int)
org.apache.commons.beanutils2.BeanUtilsTestCase.testSetPropertyConvertFromString()	org.apache.commons.beanutils2.TestBean.getDateProperty()
org.apache.commons.beanutils2.PropertyUtilsTestCase.testSetMappedValues()	org.apache.commons.beanutils2.PropertyUtils.setMappedProperty(Object,String,Object)
org.apache.commons.beanutils2.SuppressPropertiesBeanIntrospectorTestCase.testPropertyNamesDefensiveCopy()	org.apache.commons.beanutils2.SuppressPropertiesBeanIntrospectorTestCase.IntrospectionContextTestImpl.getRemovedProperties()
org.apache.commons.beanutils2.LazyDynaMapTestCase.testIndexedPropertyUtils()	org.apache.commons.beanutils2.LazyDynaBean.get(String)
org.apache.commons.beanutils2.locale.LocaleBeanificationTestCase.TestIndependenceThread.run()	org.apache.commons.beanutils2.locale.LocaleBeanUtils.setProperty(Object,String,Object)
org.apache.commons.beanutils2.locale.LocaleConvertUtils.convert(Object,String)	org.apache.commons.beanutils2.locale.LocaleConvertUtilsBean.getInstance()
org.apache.commons.beanutils2.PropertyUtilsTestCase.testCopyPropertiesMap()	org.apache.commons.beanutils2.TestBean.getFloatProperty()
org.apache.commons.beanutils2.LazyDynaMapTestCase.testIndexedLinkedList()	org.apache.commons.beanutils2.LazyDynaMap.getDynaProperty(String)
org.apache.commons.beanutils2.BeanificationTestCase.CCLLTesterThread.run()	org.apache.commons.beanutils2.ContextClassLoaderLocal.set(T)
org.apache.commons.beanutils2.locale.LocaleBeanificationTestCase.SetInstanceTesterThread.run()	org.apache.commons.beanutils2.locale.LocaleBeanUtilsBean.getLocaleBeanUtilsInstance()
org.apache.commons.beanutils2.BeanificationTestCase.testGetByContextClassLoader()	org.apache.commons.beanutils2.BeanificationTestCase.Signal.getPropertyUtils()
org.apache.commons.beanutils2.PropertyUtilsBean.getPropertyDescriptors(Class<?>)	org.apache.commons.beanutils2.PropertyUtilsBean.getIntrospectionData(Class<?>)
org.apache.commons.beanutils2.converters.NumberConverterTestBase.testCalendarToNumber()	org.apache.commons.beanutils2.converters.AbstractConverter.convert(Class<T>,Object)
org.apache.commons.beanutils2.converters.DateConverterTestBase.testPatternNoDefault()	org.apache.commons.beanutils2.converters.DateConverterTestBase.toSqlTimestamp(Calendar)
org.apache.commons.beanutils2.DynaPropertyUtilsTestCase.testGetNestedShort()	org.apache.commons.beanutils2.TestBean.getShortProperty()
org.apache.commons.beanutils2.converters.DateTimeConverter.toDate(Class<T>,long)	org.apache.commons.beanutils2.converters.DateTimeConverter.getZoneId()
org.apache.commons.beanutils2.MappedPropertyTestCase.testInvalidGetter()	org.apache.commons.beanutils2.MappedPropertyDescriptor.getMappedWriteMethod()
org.apache.commons.beanutils2.PropertyUtilsBean.isWriteable(Object,String)	org.apache.commons.beanutils2.DynaBean.getDynaClass()
org.apache.commons.beanutils2.BeanUtilsBean.cloneBean(Object)	org.apache.commons.beanutils2.BeanUtilsBean.getPropertyUtils()
org.apache.commons.beanutils2.converters.ArrayConverterTestCase.testInvalidWithDefault()	org.apache.commons.beanutils2.converters.ArrayConverterTestCase.checkArray(String,Object,Object)
org.apache.commons.beanutils2.converters.NumberConverterTestBase.testConvertNumber()	org.apache.commons.beanutils2.converters.NumberConverterTestBase.getExpectedType()
org.apache.commons.beanutils2.BeanUtilsBean.setProperty(Object,String,Object)	org.apache.commons.beanutils2.BeanUtilsBean.getPropertyUtils()
org.apache.commons.beanutils2.locale.converters.BaseLocaleConverterTestCase.convertNull(BaseLocaleConverter,String,Object)	org.apache.commons.beanutils2.locale.BaseLocaleConverter.convert(Object)
org.apache.commons.beanutils2.BeanIntrospectionDataTestCase.testGetWriteMethodDefined()	org.apache.commons.beanutils2.BeanIntrospectionDataTestCase.setUpData()
org.apache.commons.beanutils2.PropertyUtilsTestCase.testMapExtensionDefault()	org.apache.commons.beanutils2.ExtendMapBean.getUnusuallyNamedProperty()
org.apache.commons.beanutils2.DynaPropertyUtilsTestCase.testSetNestedWriteOnly()	org.apache.commons.beanutils2.TestBean.getWriteOnlyPropertyValue()
org.apache.commons.beanutils2.converters.LocalTimeConverterTestCase.testUnsupportedType()	org.apache.commons.beanutils2.Converter.convert(Class<T>,Object)
org.apache.commons.beanutils2.BeanToPropertyValueTransformerTestCase.testTransformWithSimpleIntProperty()	org.apache.commons.beanutils2.BeanToPropertyValueTransformer.apply(T)
org.apache.commons.beanutils2.converters.DateTimeConverter.setPatterns(String[])	org.apache.commons.beanutils2.converters.DateTimeConverter.setUseLocaleFormat(boolean)
org.apache.commons.beanutils2.IndexedPropertyTestCase.testSetList()	org.apache.commons.beanutils2.BeanUtilsBean.setProperty(Object,String,Object)
org.apache.commons.beanutils2.PropertyUtilsTestCase.testGetSimpleFloat()	org.apache.commons.beanutils2.PropertyUtils.getSimpleProperty(Object,String)
org.apache.commons.beanutils2.ConstructorUtilsTestCase.testInvokeExactConstructorWithArgArray()	org.apache.commons.beanutils2.TestBean.getStringProperty()
org.apache.commons.beanutils2.locale.LocaleConvertUtilsBean.convert(String[],Class<?>,String)	org.apache.commons.beanutils2.locale.LocaleConvertUtilsBean.convert(String[],Class<?>,Locale,String)
org.apache.commons.beanutils2.converters.MemoryTestCase.testComponentRegistersCustomConverter()	org.apache.commons.beanutils2.converters.MemoryTestCase.forceGarbageCollection(WeakReference<?>)
org.apache.commons.beanutils2.converters.StringConverterTestCase.testConvertToTypeString()	org.apache.commons.beanutils2.converters.AbstractConverter.convert(Class<T>,Object)
org.apache.commons.beanutils2.BeanUtilsTestCase.testCopyPropertyWriteOnly()	org.apache.commons.beanutils2.TestBean.setWriteOnlyProperty(String)
org.apache.commons.beanutils2.bugs.Jira18TestCase.testIssue_BEANUTILS_18_PropertyUtils_getProperty_Indexed()	org.apache.commons.beanutils2.PropertyUtils.getProperty(Object,String)
org.apache.commons.beanutils2.BasicDynaBeanTestCase.testSerialization()	org.apache.commons.beanutils2.BasicDynaBeanTestCase.testGetSimpleBoolean()
org.apache.commons.beanutils2.BeanUtilsTestCase.testGetArrayPropertyDate()	org.apache.commons.beanutils2.BeanUtils.getArrayProperty(Object,String)
org.apache.commons.beanutils2.converters.OffsetTimeConverterTestCase.testSimpleConversion()	org.apache.commons.beanutils2.Converter.convert(Class<T>,Object)
org.apache.commons.beanutils2.locale.LocaleBeanUtilsBean.getNestedProperty(Object,String,String)	org.apache.commons.beanutils2.PropertyUtilsBean.getNestedProperty(Object,String)
org.apache.commons.beanutils2.bugs.Jira273TestCase.testIssue_BEANUTILS_273_PrivatePublicNotOverridden()	org.apache.commons.beanutils2.bugs.other.Jira273BeanFactory.createPrivatePublicNotOverridden()
org.apache.commons.beanutils2.bugs.Jira61TestCase.testIssue_BEANUTILS_61_PropertyUtils_setProperty_Indexed()	org.apache.commons.beanutils2.bugs.other.Jira61BeanFactory.TestBean.getIndexedReadOnly(int)
org.apache.commons.beanutils2.DynaPropertyUtilsTestCase.testSetNestedLong()	org.apache.commons.beanutils2.TestBean.getLongProperty()
org.apache.commons.beanutils2.LazyDynaMapTestCase.testMappedPropertyUtils()	org.apache.commons.beanutils2.LazyDynaBean.get(String)
org.apache.commons.beanutils2.BeanificationTestCase.CCLLTesterThread.run()	org.apache.commons.beanutils2.BeanificationTestCase.Signal.setSignal(int)
org.apache.commons.beanutils2.BeanUtilsBean.getMappedProperty(Object,String)	org.apache.commons.beanutils2.PropertyUtilsBean.getMappedProperty(Object,String)
org.apache.commons.beanutils2.locale.converters.BigIntegerLocaleConverterTestCase.tearDown()	org.apache.commons.beanutils2.locale.converters.BaseLocaleConverterTestCase.tearDown()
org.apache.commons.beanutils2.locale.LocaleBeanUtilsBean.getMappedProperty(Object,String,String,String)	org.apache.commons.beanutils2.locale.LocaleBeanUtilsBean.getLocaleConvertUtils()
org.apache.commons.beanutils2.IndexedPropertyTestCase.testSetListItemA()	org.apache.commons.beanutils2.BeanUtilsBean.setProperty(Object,String,Object)
org.apache.commons.beanutils2.PropertyUtilsTestCase.setUp()	org.apache.commons.beanutils2.priv.PrivateBeanFactory.createSubclass()
org.apache.commons.beanutils2.converters.DateConverterTestBase.testPatternNoDefault()	org.apache.commons.beanutils2.converters.DateConverterTestBase.toType(Calendar)
org.apache.commons.beanutils2.DynaBeanUtilsTestCase.testCopyPropertiesStandard()	org.apache.commons.beanutils2.TestBean.setStringProperty(String)
org.apache.commons.beanutils2.DynaBeanUtilsTestCase.testCopyPropertyDouble()	org.apache.commons.beanutils2.DynaBean.get(String)
org.apache.commons.beanutils2.locale.BaseLocaleConverter.convert(Object)	org.apache.commons.beanutils2.locale.BaseLocaleConverter.convert(Object,String)
org.apache.commons.beanutils2.DynaPropertyUtilsTestCase.testSetSimpleIndexed()	org.apache.commons.beanutils2.PropertyUtils.setSimpleProperty(Object,String,Object)
org.apache.commons.beanutils2.locale.LocaleBeanUtils.setProperty(Object,String,Object)	org.apache.commons.beanutils2.locale.LocaleBeanUtilsBean.getLocaleBeanUtilsInstance()
org.apache.commons.beanutils2.WrapDynaClass.introspect()	org.apache.commons.beanutils2.PropertyUtils.getMappedPropertyDescriptors(Class<?>)
org.apache.commons.beanutils2.PropertyUtils.setMappedProperty(Object,String,Object)	org.apache.commons.beanutils2.PropertyUtilsBean.setMappedProperty(Object,String,Object)
org.apache.commons.beanutils2.BeanificationTestCase.GetBeanUtilsBeanThread.run()	org.apache.commons.beanutils2.BeanificationTestCase.Signal.setBean(BeanUtilsBean)
org.apache.commons.beanutils2.bugs.Jira61TestCase.testIssue_BEANUTILS_61_PropertyUtils_isWriteable_Indexed()	org.apache.commons.beanutils2.PropertyUtils.isWriteable(Object,String)
org.apache.commons.beanutils2.BeanPropertyValueEqualsPredicateTestCase.testEvaluateWithIndexedProperty()	org.apache.commons.beanutils2.BeanPropertyValueEqualsPredicate.test(T)
org.apache.commons.beanutils2.BasicDynaBeanTestCase.testSerialization()	org.apache.commons.beanutils2.BasicDynaBeanTestCase.testGetDescriptors()
org.apache.commons.beanutils2.LazyDynaBeanTestCase.testIndexedObjectArray()	org.apache.commons.beanutils2.LazyDynaClass.getDynaProperty(String)
org.apache.commons.beanutils2.PropertyUtilsTestCase.testGetWriteMethodBasic()	org.apache.commons.beanutils2.PropertyUtilsTestCase.testGetWriteMethod(Object,String[],String)
org.apache.commons.beanutils2.LazyDynaBeanTestCase.testIndexedDynaBeanArray()	org.apache.commons.beanutils2.LazyDynaBean.get(String,int)
org.apache.commons.beanutils2.locale.LocaleConvertUtils.getApplyLocalized()	org.apache.commons.beanutils2.locale.LocaleConvertUtilsBean.getInstance()
org.apache.commons.beanutils2.BeanUtilsTestCase.testCopyPropertyConvertToStringArray()	org.apache.commons.beanutils2.BeanUtils.copyProperty(Object,String,Object)
org.apache.commons.beanutils2.BeanUtilsBean.setProperty(Object,String,Object)	org.apache.commons.beanutils2.ConvertUtilsBean.convert(String,Class<?>)
org.apache.commons.beanutils2.converters.DateTimeConverter.toString()	org.apache.commons.beanutils2.converters.AbstractConverter.isUseDefault()
org.apache.commons.beanutils2.LazyDynaBeanTestCase.testMappedPropertyDefault()	org.apache.commons.beanutils2.LazyDynaBean.get(String)
org.apache.commons.beanutils2.LazyDynaMap.add(DynaProperty)	org.apache.commons.beanutils2.DynaProperty.getName()
org.apache.commons.beanutils2.WrapDynaClass.clear()	org.apache.commons.beanutils2.WrapDynaClass.getClassesCache()
org.apache.commons.beanutils2.PropertyUtilsTestCase.testAddBeanIntrospectorNull()	org.apache.commons.beanutils2.PropertyUtils.addBeanIntrospector(BeanIntrospector)
org.apache.commons.beanutils2.BeanUtilsTestCase.testCopyPropertyNestedMappedMap()	org.apache.commons.beanutils2.TestBean.getNested()
org.apache.commons.beanutils2.BeanPropertyValueEqualsPredicateTestCase.testEvaluateWithByteProperty()	org.apache.commons.beanutils2.TestBean.setByteProperty(byte)
org.apache.commons.beanutils2.converters.NumberConverterTestBase.testStringToNumberPattern()	org.apache.commons.beanutils2.converters.NumberConverterTestBase.makeConverter()
org.apache.commons.beanutils2.LazyDynaMapTestCase.testIndexedLinkedList()	org.apache.commons.beanutils2.DynaProperty.isIndexed()
org.apache.commons.beanutils2.BeanUtilsTestCase.testSetPropertyFloat()	org.apache.commons.beanutils2.BeanUtils.setProperty(Object,String,Object)
org.apache.commons.beanutils2.converters.DateTimeConverter.toDate(Class<T>,String)	org.apache.commons.beanutils2.converters.AbstractConverter.log()
org.apache.commons.beanutils2.DynaBeanUtilsTestCase.testCopyPropertyNestedIndexedArray()	org.apache.commons.beanutils2.TestBean.setIntArray(int[])
org.apache.commons.beanutils2.DynaPropertyUtilsTestCase.testSetMappedArguments()	org.apache.commons.beanutils2.PropertyUtils.setMappedProperty(Object,String,String,Object)
org.apache.commons.beanutils2.LazyDynaMap.newInstance()	org.apache.commons.beanutils2.LazyDynaBean.newMap()
org.apache.commons.beanutils2.MappedPropertyTestCase.testInterfaceMapped()	org.apache.commons.beanutils2.MappedPropertyDescriptor.getMappedReadMethod()
org.apache.commons.beanutils2.bugs.Jira273TestCase.testIssue_BEANUTILS_273_PrivatePublicNotOverridden()	org.apache.commons.beanutils2.PropertyUtils.getProperty(Object,String)
org.apache.commons.beanutils2.ConvertUtilsTestCase.testPositiveArray()	org.apache.commons.beanutils2.ConvertUtils.convert(String[],Class<?>)
org.apache.commons.beanutils2.PropertyUtilsBean.getReadMethod(PropertyDescriptor)	org.apache.commons.beanutils2.MethodUtils.getAccessibleMethod(Method)
org.apache.commons.beanutils2.MethodUtils.getAccessibleMethod(Class<?>,String,Class<?>)	org.apache.commons.beanutils2.MethodUtils.cacheMethod(MethodDescriptor,Method)
org.apache.commons.beanutils2.LazyDynaMapTestCase.testNewInstance()	org.apache.commons.beanutils2.LazyDynaMap.getMap()
org.apache.commons.beanutils2.DynaPropertyUtilsTestCase.testGetMappedSlashes()	org.apache.commons.beanutils2.DynaBean.get(String,String)
org.apache.commons.beanutils2.converters.DateTimeConverter.convertToType(Class<T>,Object)	org.apache.commons.beanutils2.converters.AbstractConverter.handleMissing(Class<T>)
org.apache.commons.beanutils2.locale.LocaleBeanUtilsBean.getIndexedProperty(Object,String,String)	org.apache.commons.beanutils2.BeanUtilsBean.getPropertyUtils()
org.apache.commons.beanutils2.PropertyUtilsTestCase.testSetMappedPeriods()	org.apache.commons.beanutils2.TestBean.getMappedProperty(String)
org.apache.commons.beanutils2.locale.LocaleBeanUtilsBean.getIndexedProperty(Object,String,int,String)	org.apache.commons.beanutils2.locale.LocaleBeanUtilsBean.getLocaleConvertUtils()
org.apache.commons.beanutils2.PropertyUtilsTestCase.testSetSimpleWriteOnly()	org.apache.commons.beanutils2.TestBean.getWriteOnlyPropertyValue()
org.apache.commons.beanutils2.LazyDynaList.addAll(int,Collection<?>)	org.apache.commons.beanutils2.LazyDynaList.add(int,Object)
org.apache.commons.beanutils2.DynaPropertyUtilsTestCase.testGetSimpleDouble()	org.apache.commons.beanutils2.PropertyUtils.getSimpleProperty(Object,String)
org.apache.commons.beanutils2.converters.FileConverterTestCase.testSimpleConversion()	org.apache.commons.beanutils2.Converter.convert(Class<T>,Object)
org.apache.commons.beanutils2.DynaRowSetTestCase.testListResults()	org.apache.commons.beanutils2.DynaBean.get(String)
org.apache.commons.beanutils2.LazyDynaMapTestCase.testIndexedPrimitiveArray()	org.apache.commons.beanutils2.LazyDynaBean.get(String,int)
org.apache.commons.beanutils2.DynaResultSetTestCase.testGetDynaProperty()	org.apache.commons.beanutils2.DynaProperty.getType()
org.apache.commons.beanutils2.PropertyUtilsTestCase.testSetNestedShort()	org.apache.commons.beanutils2.TestBean.getNested()
org.apache.commons.beanutils2.BeanUtils.getIndexedProperty(Object,String)	org.apache.commons.beanutils2.BeanUtilsBean.getInstance()
org.apache.commons.beanutils2.BeanUtilsTestCase.testCopyPropertiesStandard()	org.apache.commons.beanutils2.TestBean.getStringArray()
org.apache.commons.beanutils2.PropertyUtilsTestCase.testGetSetInnerBean()	org.apache.commons.beanutils2.PropertyUtils.getProperty(Object,String)
org.apache.commons.beanutils2.ConvertUtilsBean.getInstance()	org.apache.commons.beanutils2.BeanUtilsBean.getInstance()
org.apache.commons.beanutils2.locale.converters.ByteLocaleConverterTestCase.setUp()	org.apache.commons.beanutils2.locale.converters.BaseLocaleConverterTestCase.setUp()
org.apache.commons.beanutils2.PropertyUtilsTestCase.testIsWriteable()	org.apache.commons.beanutils2.PropertyUtils.isWriteable(Object,String)
org.apache.commons.beanutils2.LazyDynaBeanTestCase.testIndexedDynaBeanArray()	org.apache.commons.beanutils2.DynaBean.get(String)
org.apache.commons.beanutils2.converters.NumberConverterTestBase.testInvalidType()	org.apache.commons.beanutils2.converters.AbstractConverter.convert(Class<T>,Object)
org.apache.commons.beanutils2.locale.LocaleBeanUtilsBean.convert(Class<?>,int,Object,String)	org.apache.commons.beanutils2.locale.LocaleConvertUtilsBean.convert(String[],Class<?>,String)
org.apache.commons.beanutils2.PropertyUtilsTestCase.testSetMappedList()	org.apache.commons.beanutils2.PropertyUtils.setProperty(Object,String,Object)
org.apache.commons.beanutils2.BeanMapTestCase.makeFullMap()	org.apache.commons.beanutils2.BeanMapTestCase.BeanWithProperties.setSomeLongValue(long)
org.apache.commons.beanutils2.BeanUtilsTestCase.testSeparateInstances()	org.apache.commons.beanutils2.TestBean.setBooleanProperty(boolean)
org.apache.commons.beanutils2.PropertyUtilsBean.setMappedProperty(Object,String,String,Object)	org.apache.commons.beanutils2.DynaClass.getDynaProperty(String)
org.apache.commons.beanutils2.converters.NumberConverterTestBase.testInvalidTypeWithDefault()	org.apache.commons.beanutils2.converters.AbstractConverter.convert(Class<T>,Object)
org.apache.commons.beanutils2.locale.LocaleBeanUtils.getNestedProperty(Object,String)	org.apache.commons.beanutils2.locale.LocaleBeanUtilsBean.getLocaleBeanUtilsInstance()
org.apache.commons.beanutils2.locale.converters.BaseLocaleConverterTestCase.convertValueToType(BaseLocaleConverter,Class<?>,Object,String,Object)	org.apache.commons.beanutils2.locale.converters.BaseLocaleConverterTestCase.convertValueToType(BaseLocaleConverter,String,Class<?>,Object,String,Object)
org.apache.commons.beanutils2.PropertyUtilsTestCase.testGetMappedSlashes()	org.apache.commons.beanutils2.PropertyUtils.getNestedProperty(Object,String)
org.apache.commons.beanutils2.PropertyUtils.setProperty(Object,String,Object)	org.apache.commons.beanutils2.PropertyUtilsBean.setProperty(Object,String,Object)
org.apache.commons.beanutils2.BeanPropertyValueEqualsPredicateTestCase.testEvaluateWithWriteOnlyProperty()	org.apache.commons.beanutils2.BeanPropertyValueEqualsPredicate.test(T)
org.apache.commons.beanutils2.DynaPropertyUtilsTestCase.testSetSimpleDouble()	org.apache.commons.beanutils2.PropertyUtils.setSimpleProperty(Object,String,Object)
org.apache.commons.beanutils2.BeanUtilsTestCase.testGetSimpleProperty()	org.apache.commons.beanutils2.TestBean.getShortProperty()
org.apache.commons.beanutils2.LazyDynaList.addAll(int,Collection<?>)	org.apache.commons.beanutils2.LazyDynaList.growList(int)
org.apache.commons.beanutils2.bugs.Jira465TestCase.testArrayProperty()	org.apache.commons.beanutils2.bugs.Jira465TestCase.ArrayProp.getFoo()
org.apache.commons.beanutils2.DefaultBeanIntrospector.introspect(IntrospectionContext)	org.apache.commons.beanutils2.IntrospectionContext.getTargetClass()
org.apache.commons.beanutils2.BeanToPropertyValueTransformerTestCase.testTransformWithNestedIndexedProperty()	org.apache.commons.beanutils2.BeanToPropertyValueTransformer.apply(T)
org.apache.commons.beanutils2.FluentPropertyBeanIntrospectorTestCase.testIntrospection()	org.apache.commons.beanutils2.PropertyUtilsBean.addBeanIntrospector(BeanIntrospector)
org.apache.commons.beanutils2.PropertyUtilsBean.getPropertyDescriptor(Object,String)	org.apache.commons.beanutils2.PropertyUtilsBean.getIntrospectionData(Class<?>)
org.apache.commons.beanutils2.bugs.Jira492TestCase.getPropertySubScript()	org.apache.commons.beanutils2.BeanUtilsBean.getProperty(Object,String)
org.apache.commons.beanutils2.converters.DateTimeConverter.logFormat(String,DateFormat)	org.apache.commons.beanutils2.converters.AbstractConverter.log()
org.apache.commons.beanutils2.locale.converters.SqlDateLocaleConverter.parse(Object,String)	org.apache.commons.beanutils2.locale.converters.DateLocaleConverter.parse(Object,String)
org.apache.commons.beanutils2.MethodUtils.isAssignmentCompatible(Class<?>,Class<?>)	org.apache.commons.beanutils2.MethodUtils.getPrimitiveWrapper(Class<?>)
org.apache.commons.beanutils2.locale.LocaleBeanificationTestCase.GetBeanUtilsBeanThread.run()	org.apache.commons.beanutils2.locale.LocaleBeanificationTestCase.Signal.setConvertUtils(LocaleConvertUtilsBean)
org.apache.commons.beanutils2.BeanUtilsTestCase.testPopulateArrayProperties()	org.apache.commons.beanutils2.TestBean.getIntArray()
org.apache.commons.beanutils2.DynaBeanUtilsTestCase.testCopyPropertyNestedSimple()	org.apache.commons.beanutils2.BeanUtils.copyProperty(Object,String,Object)
org.apache.commons.beanutils2.FluentPropertyBeanIntrospectorTestCase.testIntrospectionCaps()	org.apache.commons.beanutils2.PropertyUtilsBean.addBeanIntrospector(BeanIntrospector)
org.apache.commons.beanutils2.LazyDynaBeanTestCase.testIndexedPropertyDefault()	org.apache.commons.beanutils2.LazyDynaBean.get(String,int)
org.apache.commons.beanutils2.LazyDynaBeanTestCase.testNullProperty()	org.apache.commons.beanutils2.LazyDynaBean.get(String)
org.apache.commons.beanutils2.BeanUtilsTestCase.testCopyPropertyNull()	org.apache.commons.beanutils2.TestBean.setNullProperty(String)
org.apache.commons.beanutils2.DynaBeanUtilsTestCase.testGetIndexedProperty1()	org.apache.commons.beanutils2.BeanUtils.getIndexedProperty(Object,String)
org.apache.commons.beanutils2.BeanUtils2TestCase.testGetIndexedPropertyDate()	org.apache.commons.beanutils2.BeanUtils.getIndexedProperty(Object,String)
org.apache.commons.beanutils2.locale.converters.ByteLocaleConverter.parse(Object,String)	org.apache.commons.beanutils2.locale.converters.DecimalLocaleConverter.parse(Object,String)
org.apache.commons.beanutils2.bugs.Jira492TestCase.makeBean()	org.apache.commons.beanutils2.bugs.other.Jira492IndexedListsSupport.IndexedBean.setSomeList(List<String>)
org.apache.commons.beanutils2.locale.LocaleBeanUtils.getSimpleProperty(Object,String)	org.apache.commons.beanutils2.locale.LocaleBeanUtilsBean.getLocaleBeanUtilsInstance()
org.apache.commons.beanutils2.locale.LocaleBeanUtilsBean.setInstance(LocaleBeanUtilsBean)	org.apache.commons.beanutils2.ContextClassLoaderLocal.set(T)
org.apache.commons.beanutils2.locale.converters.ShortLocaleConverterTestCase.tearDown()	org.apache.commons.beanutils2.locale.converters.BaseLocaleConverterTestCase.tearDown()
org.apache.commons.beanutils2.bugs.Jira18TestCase.testIssue_BEANUTILS_18_PropertyUtils_setProperty()	org.apache.commons.beanutils2.PropertyUtils.setProperty(Object,String,Object)
org.apache.commons.beanutils2.LazyDynaClassTestCase.testAddProperty2()	org.apache.commons.beanutils2.LazyDynaClass.add(String,Class<?>)
org.apache.commons.beanutils2.bugs.Jira357TestCase.checkReadMethod(String,Class<?>)	org.apache.commons.beanutils2.bugs.Jira357TestCase.findDescriptor(String,PropertyDescriptor[])
org.apache.commons.beanutils2.BeanUtilsBean.setProperty(Object,String,Object)	org.apache.commons.beanutils2.PropertyUtilsBean.getProperty(Object,String)
org.apache.commons.beanutils2.SuppressPropertiesBeanIntrospectorTestCase.testGetSuppressedPropertiesModify()	org.apache.commons.beanutils2.SuppressPropertiesBeanIntrospector.getSuppressedProperties()
org.apache.commons.beanutils2.bugs.Jira369TestCase.testBeanUtilsGetProperty_bRatedCd()	org.apache.commons.beanutils2.BeanUtils.getProperty(Object,String)
org.apache.commons.beanutils2.MappedPropertyTestCase.testAnyArgsProperty()	org.apache.commons.beanutils2.MappedPropertyDescriptor.getMappedReadMethod()
org.apache.commons.beanutils2.converters.ClassConverterTestCase.testConvertToClassDefaultNull()	org.apache.commons.beanutils2.Converter.convert(Class<T>,Object)
org.apache.commons.beanutils2.PropertyUtilsBean.getPropertyDescriptor(Object,String)	org.apache.commons.beanutils2.expression.Resolver.getProperty(String)
org.apache.commons.beanutils2.BeanUtilsTestCase.testCopyPropertiesStandard()	org.apache.commons.beanutils2.TestBean.getByteProperty()
org.apache.commons.beanutils2.converters.SqlDateConverterTestCase.testDefaultTypeToStringConvert()	org.apache.commons.beanutils2.converters.DateTimeConverter.setUseLocaleFormat(boolean)
org.apache.commons.beanutils2.PropertyUtilsTestCase.testSetIndexedValues()	org.apache.commons.beanutils2.PropertyUtils.setIndexedProperty(Object,String,int,Object)
org.apache.commons.beanutils2.LazyDynaBeanTestCase.testMappedPropertyRestricted()	org.apache.commons.beanutils2.LazyDynaBean.set(String,String,Object)
org.apache.commons.beanutils2.BeanMapTestCase.testMethodMutator()	org.apache.commons.beanutils2.BeanMap.getWriteMethod(String)
org.apache.commons.beanutils2.locale.converters.BigDecimalLocaleConverterTestCase.tearDown()	org.apache.commons.beanutils2.locale.converters.BaseLocaleConverterTestCase.tearDown()
org.apache.commons.beanutils2.BeanUtilsTestCase.testGetArrayProperty()	org.apache.commons.beanutils2.TestBean.setStringProperty(String)
org.apache.commons.beanutils2.MethodUtils.getAccessibleMethodFromInterfaceNest(Class<?>,String,Class<?>)	org.apache.commons.beanutils2.MethodUtils.getAccessibleMethodFromInterfaceNest(Class<?>,String,Class<?>)
org.apache.commons.beanutils2.bugs.Jira61TestCase.testIssue_BEANUTILS_61_PropertyUtils_copyProperties_to_WrapDynaBean()	org.apache.commons.beanutils2.PropertyUtils.copyProperties(Object,Object)
org.apache.commons.beanutils2.DynaRowSetTestCase.testListCount()	org.apache.commons.beanutils2.RowSetDynaClass.getRows()
org.apache.commons.beanutils2.BeanUtilsTestCase.testCopyPropertyInteger()	org.apache.commons.beanutils2.BeanUtils.copyProperty(Object,String,Object)
org.apache.commons.beanutils2.PropertyUtils.resetBeanIntrospectors()	org.apache.commons.beanutils2.PropertyUtilsBean.getInstance()
org.apache.commons.beanutils2.LazyDynaMap.add(String,Class<?>)	org.apache.commons.beanutils2.LazyDynaMap.isRestricted()
org.apache.commons.beanutils2.LazyDynaBean.get(String,String)	org.apache.commons.beanutils2.LazyDynaBean.set(String,Object)
org.apache.commons.beanutils2.WrapDynaBeanTestCase.testGetInstance()	org.apache.commons.beanutils2.WrapDynaBean.getInstance()
org.apache.commons.beanutils2.ConvertUtils.convert(Object)	org.apache.commons.beanutils2.ConvertUtilsBean.convert(Object)
org.apache.commons.beanutils2.BeanToPropertyValueTransformerTestCase.testTransformWithSimpleBooleanProperty()	org.apache.commons.beanutils2.BeanToPropertyValueTransformer.apply(T)
org.apache.commons.beanutils2.DynaBeanUtilsTestCase.testCopyPropertiesMap()	org.apache.commons.beanutils2.BeanUtils.copyProperties(Object,Object)
org.apache.commons.beanutils2.PropertyUtilsTestCase.testCopyPropertiesMap()	org.apache.commons.beanutils2.TestBean.getStringProperty()
org.apache.commons.beanutils2.MethodUtils.invokeMethod(Object,String,Object)	org.apache.commons.beanutils2.MethodUtils.toArray(Object)
org.apache.commons.beanutils2.DynaPropertyUtilsTestCase.testGetSimpleBoolean()	org.apache.commons.beanutils2.PropertyUtils.getSimpleProperty(Object,String)
org.apache.commons.beanutils2.locale.LocaleConvertUtilsBean.convert(String[],Class<?>,Locale,String)	org.apache.commons.beanutils2.locale.LocaleConvertUtilsBean.convert(String,Class<?>,Locale,String)
org.apache.commons.beanutils2.BeanificationTestCase.testContextClassloaderIndependence()	org.apache.commons.beanutils2.BeanUtils.setProperty(Object,String,Object)
org.apache.commons.beanutils2.PropertyUtilsTestCase.testSetMappedPeriods()	org.apache.commons.beanutils2.PropertyUtils.setMappedProperty(Object,String,String,Object)
org.apache.commons.beanutils2.JDBCDynaClass.introspect(ResultSet)	org.apache.commons.beanutils2.JDBCDynaClass.createDynaProperty(ResultSetMetaData,int)
org.apache.commons.beanutils2.converters.DateConverterTestBase.testStringConversion()	org.apache.commons.beanutils2.converters.DateTimeConverter.setPattern(String)
org.apache.commons.beanutils2.BeanUtilsTestCase.testPopulateScalar()	org.apache.commons.beanutils2.TestBean.setNullProperty(String)
org.apache.commons.beanutils2.IndexedPropertyTestCase.setUp()	org.apache.commons.beanutils2.IndexedTestBean.setArrayList(ArrayList<Object>)
org.apache.commons.beanutils2.bugs.Jira61TestCase.testIssue_BEANUTILS_61_BeanUtils_copyProperties_to_WrapDynaBean()	org.apache.commons.beanutils2.BeanUtils.copyProperties(Object,Object)
org.apache.commons.beanutils2.DynaPropertyUtilsTestCase.setUp()	org.apache.commons.beanutils2.DynaBean.set(String,Object)
org.apache.commons.beanutils2.ConvertUtilsBean.deregister()	org.apache.commons.beanutils2.WeakFastHashMap.clear()
org.apache.commons.beanutils2.BeanUtilsTestCase.testPopulateNested()	org.apache.commons.beanutils2.TestBean.getFloatProperty()
org.apache.commons.beanutils2.locale.LocaleBeanUtilsBean.convert(Class<?>,int,Object)	org.apache.commons.beanutils2.ConvertUtils.convert(String[],Class<?>)
org.apache.commons.beanutils2.BasicDynaBeanTestCase.testSerialization()	org.apache.commons.beanutils2.DynaBean.getDynaClass()
org.apache.commons.beanutils2.converters.DateTimeConverter.parse(Class<?>,Class<?>,String)	org.apache.commons.beanutils2.converters.DateTimeConverter.getFormat(String)
org.apache.commons.beanutils2.converters.DateTimeConverter.convertToType(Class<T>,Object)	org.apache.commons.beanutils2.converters.DateTimeConverter.toDate(Class<T>,String)
org.apache.commons.beanutils2.WrapDynaBean.set(String,int,Object)	org.apache.commons.beanutils2.PropertyUtilsBean.setIndexedProperty(Object,String,int,Object)
org.apache.commons.beanutils2.LazyDynaListTestCase.testToArrayMapType()	org.apache.commons.beanutils2.LazyDynaList.toArray(T[])
org.apache.commons.beanutils2.converters.AbstractConverter.convert(Class<T>,Object)	org.apache.commons.beanutils2.converters.AbstractConverter.handleError(Class<T>,Object,Throwable)
org.apache.commons.beanutils2.converters.NumberConverterTestBase.testNumberToStringLocale()	org.apache.commons.beanutils2.converters.NumberConverter.setLocale(Locale)
org.apache.commons.beanutils2.PropertyUtilsTestCase.testMapExtensionCustom()	org.apache.commons.beanutils2.PropertyUtilsBean.getNestedProperty(Object,String)
org.apache.commons.beanutils2.LazyDynaListTestCase.pojoTest(LazyDynaList,Class<?>,Object)	org.apache.commons.beanutils2.LazyDynaList.add(int,Object)
org.apache.commons.beanutils2.locale.LocaleBeanUtilsBean.getIndexedProperty(Object,String,String)	org.apache.commons.beanutils2.PropertyUtilsBean.getIndexedProperty(Object,String)
org.apache.commons.beanutils2.BeanUtilsTestCase.testPopulateNested()	org.apache.commons.beanutils2.TestBean.getStringProperty()
org.apache.commons.beanutils2.LazyDynaClassTestCase.testRemovePropertyRestricted()	org.apache.commons.beanutils2.LazyDynaClass.setRestricted(boolean)
org.apache.commons.beanutils2.locale.LocaleConvertUtilsTestCase.fixmetestNegativeStringArray()	org.apache.commons.beanutils2.locale.LocaleConvertUtils.convert(String,Class<?>)
org.apache.commons.beanutils2.PropertyUtilsBenchCase.setUp()	org.apache.commons.beanutils2.BenchBean.getDoubleProperty()
org.apache.commons.beanutils2.ConstructorUtilsTestCase.testInvokeExactConstructorWithNull()	org.apache.commons.beanutils2.ConstructorUtils.invokeExactConstructor(Class<T>,Object)
org.apache.commons.beanutils2.LazyDynaListTestCase.mapTest(LazyDynaList,Class<?>,Object)	org.apache.commons.beanutils2.LazyDynaList.toArray()
org.apache.commons.beanutils2.PropertyUtilsTestCase.testCustomIntrospection()	org.apache.commons.beanutils2.PropertyUtils.removeBeanIntrospector(BeanIntrospector)
org.apache.commons.beanutils2.BasicDynaBeanTestCase.testSerialization()	org.apache.commons.beanutils2.BasicDynaBeanTestCase.testGetDescriptorLong()
org.apache.commons.beanutils2.converters.NumberConverter.convertToString(Object)	org.apache.commons.beanutils2.converters.NumberConverter.getFormat()
org.apache.commons.beanutils2.PropertyUtils.setIndexedProperty(Object,String,int,Object)	org.apache.commons.beanutils2.PropertyUtilsBean.getInstance()
org.apache.commons.beanutils2.BeanPropertyValueEqualsPredicateTestCase.testEvaluateWithNestedMappedProperty()	org.apache.commons.beanutils2.TestBean.setAnotherNested(TestBean)
org.apache.commons.beanutils2.ConvertUtilsTestCase.testDeregisteringSingleConverter()	org.apache.commons.beanutils2.ConvertUtils.lookup(Class<?>)
org.apache.commons.beanutils2.locale.LocaleBeanificationTestCase.TestIndependenceThread.convert(Class<T>,Object,String)	org.apache.commons.beanutils2.ConvertUtils.primitiveToWrapper(Class<T>)
org.apache.commons.beanutils2.LazyDynaMapTestCase.testIndexedPrimitiveArray()	org.apache.commons.beanutils2.LazyDynaMap.add(String,Class<?>)
org.apache.commons.beanutils2.bugs.Jira345TestCase.testBeanUtilsSetProperty_3DArray()	org.apache.commons.beanutils2.BeanUtils.setProperty(Object,String,Object)
org.apache.commons.beanutils2.PropertyUtilsBenchCase.setUp()	org.apache.commons.beanutils2.BenchBean.getLongProperty()
org.apache.commons.beanutils2.converters.NumberConverterTestBase.testInvalidTypeWithDefault()	org.apache.commons.beanutils2.converters.NumberConverterTestBase.makeConverter(Object)
org.apache.commons.beanutils2.DynaPropertyUtilsTestCase.testGetSimpleInt()	org.apache.commons.beanutils2.PropertyUtils.getSimpleProperty(Object,String)
org.apache.commons.beanutils2.DynaResultSetTestCase.testIteratorResults()	org.apache.commons.beanutils2.DynaBean.get(String)
org.apache.commons.beanutils2.PropertyUtilsBean.getPropertyType(Object,String)	org.apache.commons.beanutils2.MappedPropertyDescriptor.getMappedPropertyType()
org.apache.commons.beanutils2.BeanPropertyValueChangeConsumerTestCase.testExecuteWithSimpleDoublePropertyAndFloatValue()	org.apache.commons.beanutils2.BeanPropertyValueChangeConsumer.accept(Object)
org.apache.commons.beanutils2.BeanUtilsTestCase.setUp()	org.apache.commons.beanutils2.BeanUtilsTestCase.setUpShared()
org.apache.commons.beanutils2.ConstructorUtilsTestCase.testInvokeConstructorWithArgArray()	org.apache.commons.beanutils2.TestBean.getStringProperty()
org.apache.commons.beanutils2.DynaBeanMapDecoratorTestCase.testValues()	org.apache.commons.beanutils2.DynaBeanMapDecoratorTestCase.checkUnmodifiable(String,Collection<E>,E)
org.apache.commons.beanutils2.LazyDynaMap.newInstance()	org.apache.commons.beanutils2.LazyDynaMap.add(DynaProperty)
org.apache.commons.beanutils2.DynaPropertyUtilsTestCase.testSetNestedReadOnly()	org.apache.commons.beanutils2.TestBean.getWriteOnlyPropertyValue()
org.apache.commons.beanutils2.memoryleaktests.MemoryLeakTestCase.testLocaleConvertUtilsBean_converters_memoryLeak()	org.apache.commons.beanutils2.memoryleaktests.MemoryLeakTestCase.forceGarbageCollection()
org.apache.commons.beanutils2.WrapDynaBeanTestCase.checkSimplePropertyAccess()	org.apache.commons.beanutils2.WrapDynaBean.getInstance()
org.apache.commons.beanutils2.ConvertUtilsBean.deregister(Class<?>)	org.apache.commons.beanutils2.WeakFastHashMap.remove(Object)
org.apache.commons.beanutils2.bugs.Jira458TestCase.checkConversionWithNullDefault(String)	org.apache.commons.beanutils2.Converter.convert(Class<T>,Object)
org.apache.commons.beanutils2.DynaBeanUtilsTestCase.testPopulateNested()	org.apache.commons.beanutils2.TestBean.getDoubleProperty()
org.apache.commons.beanutils2.converters.AbstractConverter.convert(Class<T>,Object)	org.apache.commons.beanutils2.converters.AbstractConverter.handleMissing(Class<T>)
org.apache.commons.beanutils2.LazyDynaBeanTestCase.testMappedInvalidType()	org.apache.commons.beanutils2.DynaProperty.isMapped()
org.apache.commons.beanutils2.PropertyUtilsTestCase.testGetDescriptorUnknown()	org.apache.commons.beanutils2.PropertyUtilsTestCase.testGetDescriptorBase(String,String,String)
org.apache.commons.beanutils2.BeanUtilsTestCase.testCopyPropertiesStandard()	org.apache.commons.beanutils2.TestBean.getIntProperty()
org.apache.commons.beanutils2.bugs.Jira359TestCase.testBeanUtilsSetProperty_DefaultConvertStringToArray_WithoutColonValue()	org.apache.commons.beanutils2.BeanUtils.setProperty(Object,String,Object)
org.apache.commons.beanutils2.LazyDynaListTestCase.testPojoDynaClass()	org.apache.commons.beanutils2.LazyDynaListTestCase.pojoTest(LazyDynaList,Class<?>,Object)
org.apache.commons.beanutils2.BeanMapTestCase.testBeanMapClone()	org.apache.commons.beanutils2.BeanMapTestCase.makeFullMap()
org.apache.commons.beanutils2.locale.LocaleBeanificationTestCase.testContextClassLoaderLocal()	org.apache.commons.beanutils2.locale.LocaleBeanificationTestCase.Signal.getMarkerObject()
org.apache.commons.beanutils2.BeanUtils.initCause(Throwable,Throwable)	org.apache.commons.beanutils2.BeanUtilsBean.getInstance()
org.apache.commons.beanutils2.BasicDynaBeanTestCase.testSerialization()	org.apache.commons.beanutils2.BasicDynaBeanTestCase.testGetDescriptorString()
org.apache.commons.beanutils2.LazyDynaListTestCase.dynaBeanTest(LazyDynaList,Class<?>,DynaClass,Object)	org.apache.commons.beanutils2.LazyDynaList.toDynaBeanArray()
org.apache.commons.beanutils2.PropertyUtilsTestCase.testSetSimpleShort()	org.apache.commons.beanutils2.TestBean.getShortProperty()
org.apache.commons.beanutils2.PropertyUtilsTestCase.testGetNestedReadOnly()	org.apache.commons.beanutils2.PropertyUtils.getNestedProperty(Object,String)
org.apache.commons.beanutils2.BeanUtilsBean.getMappedProperty(Object,String,String)	org.apache.commons.beanutils2.BeanUtilsBean.getPropertyUtils()
org.apache.commons.beanutils2.ConstructorUtilsTestCase.testInvokeConstructorWithTypeArray()	org.apache.commons.beanutils2.ConstructorUtils.invokeConstructor(Class<T>,Object[],Class<?>)
org.apache.commons.beanutils2.BeanUtilsTestCase.testPopulateScalar()	org.apache.commons.beanutils2.TestBean.getIntProperty()
org.apache.commons.beanutils2.LazyDynaBean.set(String,Object)	org.apache.commons.beanutils2.MutableDynaClass.add(String,Class<?>)
org.apache.commons.beanutils2.converters.NumberConverterTestBase.testStringToNumberPattern()	org.apache.commons.beanutils2.converters.AbstractConverter.convert(Class<T>,Object)
org.apache.commons.beanutils2.locale.LocaleBeanUtils.getMappedProperty(Object,String,String)	org.apache.commons.beanutils2.locale.LocaleBeanUtilsBean.getLocaleBeanUtilsInstance()
org.apache.commons.beanutils2.bugs.Jira493TestCase.testIndexedProperties()	org.apache.commons.beanutils2.BeanUtilsBean.getInstance()
org.apache.commons.beanutils2.converters.DateConverterTestBase.testStringConversion()	org.apache.commons.beanutils2.converters.DateConverterTestBase.toSqlDate(Calendar)
org.apache.commons.beanutils2.MethodUtilsTestCase.testGetAccessibleMethodFromInterface()	org.apache.commons.beanutils2.MethodUtils.getAccessibleMethod(Class<?>,String,Class<?>)
org.apache.commons.beanutils2.locale.LocaleConvertUtils.convert(String[],Class<?>,String)	org.apache.commons.beanutils2.locale.LocaleConvertUtilsBean.getInstance()
org.apache.commons.beanutils2.DynaPropertyUtilsTestCase.testSetSimpleArguments()	org.apache.commons.beanutils2.PropertyUtils.setSimpleProperty(Object,String,Object)
org.apache.commons.beanutils2.memoryleaktests.MemoryLeakTestCase.testMappedPropertyDescriptor_MappedMethodReference1()	org.apache.commons.beanutils2.memoryleaktests.MemoryLeakTestCase.newClassLoader()
org.apache.commons.beanutils2.MethodUtils.invokeExactStaticMethod(Class<?>,String,Object[])	org.apache.commons.beanutils2.MethodUtils.invokeExactStaticMethod(Class<?>,String,Object[],Class<?>)
org.apache.commons.beanutils2.converters.NumberConverterTestBase.testCalendarToNumber()	org.apache.commons.beanutils2.converters.NumberConverterTestBase.makeConverter()
org.apache.commons.beanutils2.DynaBeanMapDecoratorTestCase.main(String[])	org.apache.commons.beanutils2.DynaBeanMapDecoratorTestCase.suite()
org.apache.commons.beanutils2.LazyDynaMapTestCase.testIndexedObjectArray()	org.apache.commons.beanutils2.LazyDynaMap.getDynaProperty(String)
org.apache.commons.beanutils2.DynaBeanUtilsTestCase.testPopulateArrayProperties()	org.apache.commons.beanutils2.BeanUtils.populate(Object,Map<String, Object>)
org.apache.commons.beanutils2.WrapDynaBeanTestCase.testIntrospectionWithCustomPropUtils()	org.apache.commons.beanutils2.FluentIntrospectionTestBean.getStringProperty()
org.apache.commons.beanutils2.converters.NumberConverter.convertToType(Class<T>,Object)	org.apache.commons.beanutils2.converters.NumberConverter.parse(Class<?>,Class<?>,String,NumberFormat)
org.apache.commons.beanutils2.converters.ArrayConverterTestCase.testComponentIntegerConverter()	org.apache.commons.beanutils2.converters.ArrayConverter.setDelimiter(char)
org.apache.commons.beanutils2.MethodUtilsTestCase.testInvokeMethodNullArray()	org.apache.commons.beanutils2.MethodUtils.invokeMethod(Object,String,Object)
org.apache.commons.beanutils2.converters.AbstractConverter.convert(Class<T>,Object)	org.apache.commons.beanutils2.converters.AbstractConverter.toString(Class<?>)
org.apache.commons.beanutils2.PropertyUtilsTestCase.testGetIndexedMap()	org.apache.commons.beanutils2.PropertyUtils.getProperty(Object,String)
org.apache.commons.beanutils2.converters.ClassConverterTestCase.testConvertToClass()	org.apache.commons.beanutils2.Converter.convert(Class<T>,Object)
org.apache.commons.beanutils2.converters.ArrayConverterTestCase.testTheMatrix()	org.apache.commons.beanutils2.converters.ArrayConverter.setDelimiter(char)
org.apache.commons.beanutils2.converters.AbstractConverter.setDefaultValue(Object)	org.apache.commons.beanutils2.converters.AbstractConverter.convert(Class<T>,Object)
org.apache.commons.beanutils2.WeakFastHashMap.CollectionView.equals(Object)	org.apache.commons.beanutils2.WeakFastHashMap.CollectionView.get(Map<K, V>)
org.apache.commons.beanutils2.BeanUtilsBean.setProperty(Object,String,Object)	org.apache.commons.beanutils2.ConvertUtilsBean.convert(String[],Class<?>)
org.apache.commons.beanutils2.BeanPropertyValueEqualsPredicateTestCase.testEvaluateWithNullInPath()	org.apache.commons.beanutils2.BeanPropertyValueEqualsPredicate.test(T)
org.apache.commons.beanutils2.BeanUtils2TestCase.testGetSimplePropertyDate()	org.apache.commons.beanutils2.TestBean.setDateProperty(Date)
org.apache.commons.beanutils2.BeanUtilsBean.getIndexedProperty(Object,String,int)	org.apache.commons.beanutils2.PropertyUtilsBean.getIndexedProperty(Object,String,int)
org.apache.commons.beanutils2.PropertyUtilsTestCase.testGetDescriptorString()	org.apache.commons.beanutils2.PropertyUtilsTestCase.testGetDescriptorBase(String,String,String)
org.apache.commons.beanutils2.PropertyUtilsBean.setProperty(Object,String,Object)	org.apache.commons.beanutils2.PropertyUtilsBean.setNestedProperty(Object,String,Object)
org.apache.commons.beanutils2.PropertyUtilsBenchCase.setUp()	org.apache.commons.beanutils2.BenchBean.getIntProperty()
org.apache.commons.beanutils2.LazyDynaBeanTestCase.testSimpleProperty()	org.apache.commons.beanutils2.LazyDynaBean.set(String,Object)
org.apache.commons.beanutils2.memoryleaktests.MemoryLeakTestCase.testConvertUtilsBean_converters_memoryLeak()	org.apache.commons.beanutils2.memoryleaktests.MemoryLeakTestCase.forceGarbageCollection()
org.apache.commons.beanutils2.converters.ClassReloaderTestCase.testBasicOperation()	org.apache.commons.beanutils2.converters.ClassReloader.reload(Class<?>)
org.apache.commons.beanutils2.locale.converters.BaseLocaleConverterTestCase.convertValueWithPattern(BaseLocaleConverter,String,Object,String,Object)	org.apache.commons.beanutils2.locale.BaseLocaleConverter.convert(Object,String)
org.apache.commons.beanutils2.MethodUtils.invokeStaticMethod(Class<?>,String,Object[],Class<?>)	org.apache.commons.beanutils2.MethodUtils.getMatchingAccessibleMethod(Class<?>,String,Class<?>)
org.apache.commons.beanutils2.BasicDynaBeanTestCase.testSerialization()	org.apache.commons.beanutils2.BasicDynaBeanTestCase.testGetMappedValues()
org.apache.commons.beanutils2.LazyDynaBean.growIndexedProperty(String,Object,int)	org.apache.commons.beanutils2.LazyDynaBean.set(String,Object)
org.apache.commons.beanutils2.LazyDynaMapTestCase.testSimpleProperty()	org.apache.commons.beanutils2.LazyDynaMap.set(String,Object)
org.apache.commons.beanutils2.BasicDynaBeanTestCase.testSetSimpleLong()	org.apache.commons.beanutils2.DynaBean.set(String,Object)
org.apache.commons.beanutils2.TestResultSet.createProxy()	org.apache.commons.beanutils2.TestResultSet.createProxy(InvocationHandler)
org.apache.commons.beanutils2.locale.LocaleBeanUtils.setApplyLocalized(boolean)	org.apache.commons.beanutils2.locale.LocaleBeanUtilsBean.setApplyLocalized(boolean)
org.apache.commons.beanutils2.BasicDynaClass.setProperties(DynaProperty[])	org.apache.commons.beanutils2.DynaProperty.getName()
org.apache.commons.beanutils2.BeanMap.put(String,Object)	org.apache.commons.beanutils2.BeanMap.get(Object)
org.apache.commons.beanutils2.locale.LocaleConvertUtils.convert(String[],Class<?>)	org.apache.commons.beanutils2.locale.LocaleConvertUtilsBean.convert(String[],Class<?>)
org.apache.commons.beanutils2.PropertyUtilsBean.getPropertyType(Object,String)	org.apache.commons.beanutils2.expression.Resolver.hasNested(String)
org.apache.commons.beanutils2.PropertyUtilsBean.getPropertyDescriptors(Object)	org.apache.commons.beanutils2.PropertyUtilsBean.getPropertyDescriptors(Class<?>)
org.apache.commons.beanutils2.PropertyUtilsTestCase.testCustomIntrospectionEx()	org.apache.commons.beanutils2.PropertyUtils.getPropertyDescriptors(Class<?>)
org.apache.commons.beanutils2.locale.LocaleBeanUtilsBean.setApplyLocalized(boolean)	org.apache.commons.beanutils2.locale.LocaleConvertUtilsBean.setApplyLocalized(boolean)
org.apache.commons.beanutils2.converters.ArrayConverter.convertToString(Object)	org.apache.commons.beanutils2.Converter.convert(Class<T>,Object)
org.apache.commons.beanutils2.ConvertUtilsTestCase.testNegativeScalar()	org.apache.commons.beanutils2.ConvertUtils.convert(String,Class<?>)
org.apache.commons.beanutils2.PropertyUtils.getIndexedProperty(Object,String)	org.apache.commons.beanutils2.PropertyUtilsBean.getIndexedProperty(Object,String)
org.apache.commons.beanutils2.LazyDynaClassTestCase.testAddProperty1()	org.apache.commons.beanutils2.DynaProperty.getName()
org.apache.commons.beanutils2.BasicDynaBeanTestCase.testGetSimpleBoolean()	org.apache.commons.beanutils2.DynaBean.get(String)
org.apache.commons.beanutils2.converters.NumberConverterTestBase.testInvalidDefault()	org.apache.commons.beanutils2.converters.NumberConverterTestBase.makeConverter(Object)
org.apache.commons.beanutils2.PropertyUtils.setIndexedProperty(Object,String,int,Object)	org.apache.commons.beanutils2.PropertyUtilsBean.setIndexedProperty(Object,String,int,Object)
org.apache.commons.beanutils2.locale.converters.FloatLocaleConverterTestCase.tearDown()	org.apache.commons.beanutils2.locale.converters.BaseLocaleConverterTestCase.tearDown()
org.apache.commons.beanutils2.locale.LocaleConvertUtils.convert(Object,Locale,String)	org.apache.commons.beanutils2.locale.LocaleConvertUtilsBean.getInstance()
org.apache.commons.beanutils2.memoryleaktests.MemoryLeakTestCase.testMappedPropertyDescriptor_MappedMethodReference1()	org.apache.commons.beanutils2.MappedPropertyDescriptor.getMappedReadMethod()
org.apache.commons.beanutils2.MethodUtilsTestCase.testInvokeExactMethodNullArrayNullArray()	org.apache.commons.beanutils2.MethodUtils.invokeExactMethod(Object,String,Object[],Class<?>)
org.apache.commons.beanutils2.converters.NumberConverterTestBase.testInvalidDefault()	org.apache.commons.beanutils2.converters.AbstractConverter.convert(Class<T>,Object)
org.apache.commons.beanutils2.ConvertUtilsBean.register(Class<?>,Converter)	org.apache.commons.beanutils2.ConvertUtilsBean.register(Converter,Class<?>)
org.apache.commons.beanutils2.locale.LocaleBeanUtilsBean.definePropertyType(Object,String,String)	org.apache.commons.beanutils2.BeanUtilsBean.getPropertyUtils()
org.apache.commons.beanutils2.memoryleaktests.MemoryLeakTestCase.clearAllBeanUtilsCaches()	org.apache.commons.beanutils2.BeanUtilsBean.setInstance(BeanUtilsBean)
org.apache.commons.beanutils2.converters.PathConverter.convertToType(Class<T>,Object)	org.apache.commons.beanutils2.converters.AbstractConverter.conversionException(Class<?>,Object)
org.apache.commons.beanutils2.BeanUtilsTestCase.testSetPropertyOnPrimitiveWrappers()	org.apache.commons.beanutils2.TestBean.getIntProperty()
org.apache.commons.beanutils2.converters.DateConverterTestBase.testPatternNullDefault()	org.apache.commons.beanutils2.converters.DateConverterTestBase.makeConverter(Object)
org.apache.commons.beanutils2.converters.ArrayConverter.parseElements(Class<?>,String)	org.apache.commons.beanutils2.converters.AbstractConverter.log()
org.apache.commons.beanutils2.JDBCDynaClass.getObject(ResultSet,String)	org.apache.commons.beanutils2.JDBCDynaClass.getDynaProperty(String)
org.apache.commons.beanutils2.PropertyUtilsBenchCase.setUp()	org.apache.commons.beanutils2.BenchBean.getFloatProperty()
